459.307
457.042
454.903
452.891
451.007
449.249
447.619
446.116
444.74
443.491
442.369
441.374
440.506
439.766
439.153
438.667
438.308
438.076
437.972
437.995
438.144
438.422
438.826
439.357
440.016
440.802
441.715
442.755
443.922
445.217
446.638
448.187
449.863
451.666
453.596
455.653
457.837
460.148
462.586
465.151
467.843
470.662
473.607
476.68
479.88
483.206
486.659
490.239
493.946
497.779
501.739
505.825
510.038
514.378
518.844
523.437
528.156
533.002
537.974
543.072
548.296
553.647
559.123
564.726
570.455
576.31
582.291
588.398
594.631
600.989
607.473
614.083
620.819
627.68
634.666
641.778
649.015
656.378
663.866
671.479
679.217
687.081
695.069
703.182
711.42
719.782
728.27
736.882
745.618
754.479
763.465
772.574
781.808
791.166
800.648
810.254
819.984
829.838
839.815
849.916
860.14
870.488
880.96
891.554
902.272
913.113
924.076
935.163
946.372
957.704
969.159
980.736
992.435
1004.26
1016.2
1028.27
1040.45
1052.76
1065.2
1077.75
1090.42
1103.22
1116.14
1129.18
1142.34
1155.62
1169.02
1182.54
1196.18
1209.95
1223.83
1237.83
1251.96
1266.2
1280.56
1295.05
1309.65
1324.37
1339.22
1354.18
1369.26
1384.46
1399.77
1415.21
1430.77
1446.44
1462.23
1478.14
1494.17
1510.32
1526.58
1542.96
1559.46
1576.08
1592.81
1609.66
1626.63
1643.71
1660.91
1678.23
1695.66
1713.21
1730.88
1748.66
1766.56
1784.57
1802.7
1820.94
1839.3
1857.77
1876.36
1895.06
1913.88
1932.81
1951.85
1971.01
1990.29
2009.67
2029.17
2048.78
2068.51
2088.35
2108.3
2128.37
2148.54
2168.83
2189.23
2209.75
2230.37
2251.11
2271.96
2292.91
2313.98
2335.17
2356.46
2377.86
2399.37
2420.99
2442.73
2464.57
2486.52
2508.58
2530.75
2553.03
2575.42
2597.92
2620.52
2643.23
2666.06
2688.99
2712.02
2735.17
2758.42
2781.78
2805.24
2828.82
2852.5
2876.28
2900.17
2924.17
2948.27
2972.48
2996.8
3021.21
3045.74
3070.37
3095.1
3119.94
3144.88
3169.92
3195.07
3220.33
3245.68
3271.14
3296.7
3322.37
3348.13
3374
3399.97
3426.05
3452.22
3478.5
3504.87
3531.35
3557.93
3584.61
3611.39
3638.27
3665.25
3692.33
3719.5
3746.78
3774.16
3801.63
3829.21
3856.88
3884.65
3912.52
3940.48
3968.54
3996.7
4024.96
4053.31
4081.76
4110.31
4138.95
4167.69
4196.52
4225.45
4254.48
4283.6
4312.81
4342.12
4371.52
4401.01
4430.6
4460.29
4490.06
4519.93
4549.89
4579.95
4610.1
4640.33
4670.67
4701.09
4731.6
4762.21
4792.9
4823.69
4854.56
4885.53
4916.59
4947.73
4978.97
5010.29
5041.71
5073.21
5104.8
5136.48
5168.24
5200.1
5232.04
5264.07
5296.18
5328.38
5360.67
5393.05
5425.51
5458.06
5490.69
5523.4
5556.21
5589.09
5622.06
5655.12
5688.26
5721.48
5754.79
5788.18
5821.65
5855.2
5888.84
5922.56
5956.36
5990.24
6024.21
6058.25
6092.38
6126.59
6160.87
6195.24
6229.69
6264.21
6298.82
6333.5
6368.27
6403.11
6438.03
6473.03
6508.1
6543.26
6578.49
6613.8
6649.18
6684.64
6720.18
6755.79
6791.48
6827.24
6863.08
6899
6934.98
6971.05
7007.18
7043.39
7079.68
7116.04
7152.47
7188.97
7225.54
7262.19
7298.91
7335.7
7372.57
7409.5
7446.5
7483.58
7520.73
7557.94
7595.23
7632.58
7670.01
7707.5
7745.06
7782.69
7820.39
7858.16
7895.99
7933.89
7971.86
8009.9
8048
8086.17
8124.41
8162.71
8201.07
8239.5
8278
8316.56
8355.19
8393.88
8432.63
8471.45
8510.33
8549.27
8588.28
8627.34
8666.48
8705.67
8744.92
8784.24
8823.62
8863.06
8902.55
8942.11
8981.73
9021.41
9061.15
9100.95
9140.81
9180.72
9220.7
9260.73
9300.82
9340.97
9381.17
9421.44
9461.76
9502.13
9542.57
9583.05
9623.6
9664.2
9704.85
9745.56
9786.33
9827.15
9868.02
9908.95
9949.93
9990.96
10032.1
10073.2
10114.4
10155.6
10196.9
10238.3
10279.7
10321.1
10362.6
10404.2
10445.8
10487.4
10529.1
10570.9
10612.7
10654.5
10696.4
10738.4
10780.4
10822.4
10864.5
10906.7
10948.9
10991.1
11033.4
11075.7
11118.1
11160.5
11202.9
11245.5
11288
11330.6
11373.3
11415.9
11458.7
11501.4
11544.3
11587.1
11630
11673
11716
11759
11802.1
11845.2
11888.3
11931.5
11974.8
12018.1
12061.4
12104.7
12148.1
12191.6
12235
12278.6
12322.1
12365.7
12409.3
12453
12496.7
12540.5
12584.2
12628.1
12671.9
12715.8
12759.7
12803.7
12847.7
12891.7
12935.8
12979.9
13024
13068.2
13112.4
13156.7
13200.9
13245.2
13289.6
13333.9
13378.3
13422.8
13467.3
13511.8
13556.3
13600.8
13645.4
13690.1
13734.7
13779.4
13824.1
13868.9
13913.6
13958.4
14003.3
14048.1
14093
14137.9
14182.9
14227.9
14272.9
14317.9
14362.9
14408
14453.1
14498.3
14543.4
14588.6
14633.8
14679
14724.3
14769.6
14814.9
14860.2
14905.6
14951
14996.4
15041.8
15087.2
15132.7
15178.2
15223.7
15269.3
15314.8
15360.4
15406
15451.6
15497.3
15542.9
15588.6
15634.3
15680.1
15725.8
15771.6
15817.4
15863.2
15909
15954.8
16000.7
16046.6
16092.4
16138.4
16184.3
16230.2
16276.2
16322.2
16368.2
16414.2
16460.2
16506.2
16552.3
16598.4
16644.5
16690.6
16736.7
16782.8
16828.9
16875.1
16921.3
16967.5
17013.7
17059.9
17106.1
17152.3
17198.6
17244.8
17291.1
17337.4
17383.7
17430
17476.3
17522.6
17569
17615.3
17661.7
17708
17754.4
17800.8
17847.2
17893.6
17940
17986.4
18032.9
18079.3
18125.7
18172.2
18218.6
18265.1
18311.6
18358.1
18404.5
18451
18497.5
18544
18590.6
18637.1
18683.6
18730.1
18776.6
18823.2
18869.7
18916.3
18962.8
19009.4
19055.9
19102.5
19149
19195.6
19242.2
19288.7
19335.3
19381.9
19428.4
19475
19521.6
19568.2
19614.8
19661.3
19707.9
19754.5
19801.1
19847.7
19894.3
19940.8
19987.4
20034
20080.6
20127.2
20173.7
20220.3
20266.9
20313.5
20360
20406.6
20453.2
20499.7
20546.3
20592.9
20639.4
20686
20732.5
20779
20825.6
20872.1
20918.7
20965.2
21011.7
21058.2
21104.7
21151.2
21197.7
21244.2
21290.7
21337.2
21383.7
21430.2
21476.6
21523.1
21569.5
21616
21662.4
21708.9
21755.3
21801.7
21848.1
21894.5
21940.9
21987.3
22033.7
22080
22126.4
22172.7
22219.1
22265.4
22311.7
22358
22404.3
22450.6
22496.9
22543.2
22589.4
22635.7
22681.9
22728.1
22774.3
22820.5
22866.7
22912.9
22959.1
23005.2
23051.4
23097.5
23143.6
23189.7
23235.8
23281.9
23327.9
23374
23420
23466.1
23512.1
23558.1
23604
23650
23696
23741.9
23787.8
23833.7
23879.6
23925.5
23971.4
24017.2
24063.1
24108.9
24154.7
24200.5
24246.2
24292
24337.7
24383.4
24429.1
24474.8
24520.5
24566.1
24611.8
24657.4
24703
24748.5
24794.1
24839.6
24885.2
24930.7
24976.2
25021.6
25067.1
25112.5
25157.9
25203.3
25248.7
25294
25339.4
25384.7
25430
25475.2
25520.5
25565.7
25610.9
25656.1
25701.3
25746.5
25791.6
25836.7
25881.8
25926.8
25971.9
26016.9
26061.9
26106.9
26151.8
26196.8
26241.7
26286.6
26331.4
26376.3
26421.1
26465.9
26510.7
26555.4
26600.2
26644.9
26689.6
26734.2
26778.8
26823.5
26868
26912.6
26957.1
27001.7
27046.2
27090.6
27135.1
27179.5
27223.9
27268.2
27312.6
27356.9
27401.2
27445.4
27489.7
27533.9
27578.1
27622.2
27666.4
27710.5
27754.6
27798.6
27842.7
27886.7
27930.6
27974.6
28018.5
28062.4
28106.3
28150.1
28193.9
28237.7
28281.5
28325.2
28368.9
28412.6
28456.2
28499.9
28543.5
28587
28630.6
28674.1
28717.6
28761
28804.4
28847.8
28891.2
28934.5
28977.8
29021.1
29064.4
29107.6
29150.8
29193.9
29237.1
29280.2
29323.2
29366.3
29409.3
29452.3
29495.2
29538.1
29581
29623.9
29666.7
29709.5
29752.3
29795
29837.7
29880.4
29923.1
29965.7
30008.3
30050.8
30093.3
30135.8
30178.3
30220.7
30263.1
30305.5
30347.8
30390.1
30432.4
30474.6
30516.8
30559
30601.1
30643.2
30685.3
30727.3
30769.3
30811.3
30853.3
30895.2
30937
30978.9
31020.7
31062.5
31104.2
31145.9
31187.6
31229.3
31270.9
31312.5
31354
31395.5
31437
31478.4
31519.8
31561.2
31602.6
31643.9
31685.2
31726.4
31767.6
31808.8
31849.9
31891
31932.1
31973.1
32014.1
32055.1
32096
32136.9
32177.8
32218.6
32259.4
32300.1
32340.9
32381.5
32422.2
32462.8
32503.4
32543.9
32584.4
32624.9
32665.3
32705.7
32746.1
32786.4
32826.7
32867
32907.2
32947.4
32987.6
33027.7
33067.8
33107.8
33147.8
33187.8
33227.7
33267.6
33307.5
33347.3
33387.1
33426.8
33466.6
33506.2
33545.9
33585.5
33625.1
33664.6
33704.1
33743.5
33783
33822.3
33861.7
33901
33940.3
33979.5
34018.7
34057.9
34097
34136.1
34175.1
34214.2
34253.1
34292.1
34331
34369.8
34408.7
34447.4
34486.2
34524.9
34563.6
34602.2
34640.8
34679.4
34717.9
34756.4
34794.8
34833.2
34871.6
34909.9
34948.2
34986.5
35024.7
35062.9
35101
35139.1
35177.2
35215.2
35253.2
35291.2
35329.1
35367
35404.8
35442.6
35480.4
35518.1
35555.8
35593.4
35631
35668.6
35706.1
35743.6
35781
35818.4
35855.8
35893.1
35930.4
35967.7
36004.9
36042.1
36079.2
36116.3
36153.4
36190.4
36227.4
36264.3
36301.2
36338.1
36374.9
36411.7
36448.5
36485.2
36521.8
36558.5
36595.1
36631.6
36668.1
36704.6
36741
36777.4
36813.8
36850.1
36886.4
36922.6
36958.8
36995
37031.1
37067.2
37103.2
37139.2
37175.2
37211.1
37247
37282.8
37318.6
37354.4
37390.1
37425.8
37461.4
37497
37532.6
37568.1
37603.6
37639
37674.4
37709.8
37745.1
37780.4
37815.7
37850.9
37886
37921.2
37956.2
37991.3
38026.3
38061.3
38096.2
38131.1
38165.9
38200.7
38235.5
38270.2
38304.9
38339.6
38374.2
38408.7
38443.3
38477.8
38512.2
38546.6
38581
38615.3
38649.6
38683.9
38718.1
38752.2
38786.4
38820.5
38854.5
38888.5
38922.5
38956.4
38990.3
39024.1
39058
39091.7
39125.5
39159.1
39192.8
39226.4
39260
39293.5
39327
39360.4
39393.9
39427.2
39460.6
39493.8
39527.1
39560.3
39593.5
39626.6
39659.7
39692.8
39725.8
39758.7
39791.7
39824.6
39857.4
39890.2
39923
39955.7
39988.4
40021.1
40053.7
40086.2
40118.8
40151.3
40183.7
40216.1
40248.5
40280.8
40313.1
40345.4
40377.6
40409.8
40441.9
40474
40506
40538.1
40570
40602
40633.9
40665.7
40697.5
40729.3
40761
40792.7
40824.4
40856
40887.6
40919.1
40950.6
40982.1
41013.5
41044.9
41076.2
41107.5
41138.8
41170
41201.2
41232.3
41263.4
41294.5
41325.5
41356.5
41387.4
41418.3
41449.2
41480
41510.8
41541.5
41572.2
41602.9
41633.5
41664.1
41694.7
41725.2
41755.6
41786.1
41816.5
41846.8
41877.1
41907.4
41937.6
41967.8
41998
42028.1
42058.2
42088.2
42118.2
42148.2
42178.1
42208
42237.8
42267.6
42297.4
42327.1
42356.8
42386.4
42416
42445.6
42475.1
42504.6
42534.1
42563.5
42592.9
42622.2
42651.5
42680.8
42710
42739.2
42768.3
42797.4
42826.5
42855.5
42884.5
42913.4
42942.3
42971.2
43000
43028.8
43057.6
43086.3
43115
43143.6
43172.2
43200.8
43229.3
43257.8
43286.2
43314.7
43343
43371.4
43399.7
43427.9
43456.1
43484.3
43512.5
43540.6
43568.6
43596.6
43624.6
43652.6
43680.5
43708.4
43736.2
43764
43791.8
43819.5
43847.2
43874.8
43902.4
43930
43957.5
43985
44012.5
44039.9
44067.3
44094.6
44121.9
44149.2
44176.4
44203.6
44230.8
44257.9
44285
44312
44339.1
44366
44393
44419.9
44446.7
44473.5
44500.3
44527.1
44553.8
44580.4
44607.1
44633.7
44660.2
44686.8
44713.2
44739.7
44766.1
44792.5
44818.8
44845.1
44871.4
44897.6
44923.8
44949.9
44976.1
45002.1
45028.2
45054.2
45080.2
45106.1
45132
45157.8
45183.7
45209.5
45235.2
45260.9
45286.6
45312.2
45337.8
45363.4
45388.9
45414.4
45439.9
45465.3
45490.7
45516.1
45541.4
45566.7
45591.9
45617.1
45642.3
45667.4
45692.5
45717.6
45742.6
45767.6
45792.5
45817.5
45842.3
45867.2
45892
45916.8
45941.5
45966.2
45990.9
46015.5
46040.1
46064.7
46089.2
46113.7
46138.2
46162.6
46187
46211.3
46235.6
46259.9
46284.2
46308.4
46332.6
46356.7
46380.8
46404.9
46428.9
46452.9
46476.9
46500.8
46524.7
46548.5
46572.4
46596.2
46619.9
46643.6
46667.3
46691
46714.6
46738.2
46761.7
46785.2
46808.7
46832.2
46855.6
46878.9
46902.3
46925.6
46948.9
46972.1
46995.3
47018.5
47041.6
47064.7
47087.8
47110.8
47133.8
47156.8
47179.7
47202.6
47225.5
47248.3
47271.1
47293.9
47316.6
47339.3
47362
47384.6
47407.2
47429.7
47452.3
47474.8
47497.2
47519.6
47542
47564.4
47586.7
47609
47631.3
47653.5
47675.7
47697.9
47720
47742.1
47764.1
47786.2
47808.2
47830.1
47852.1
47874
47895.8
47917.7
47939.5
47961.2
47983
48004.7
48026.3
48048
48069.6
48091.1
48112.7
48134.2
48155.6
48177.1
48198.5
48219.9
48241.2
48262.5
48283.8
48305
48326.3
48347.4
48368.6
48389.7
48410.8
48431.9
48452.9
48473.9
48494.8
48515.8
48536.6
48557.5
48578.3
48599.1
48619.9
48640.7
48661.4
48682
48702.7
48723.3
48743.9
48764.4
48784.9
48805.4
48825.9
48846.3
48866.7
48887
48907.4
48927.7
48947.9
48968.2
48988.4
49008.6
49028.7
49048.8
49068.9
49088.9
49109
49129
49148.9
49168.8
49188.7
49208.6
49228.4
49248.3
49268
49287.8
49307.5
49327.2
49346.8
49366.4
49386
49405.6
49425.1
49444.6
49464.1
49483.6
49503
49522.4
49541.7
49561
49580.3
49599.6
49618.8
49638
49657.2
49676.3
49695.5
49714.5
49733.6
49752.6
49771.6
49790.6
49809.5
49828.4
49847.3
49866.2
49885
49903.8
49922.5
49941.3
49960
49978.6
49997.3
50015.9
50034.5
50053
50071.6
50090.1
50108.5
50127
50145.4
50163.8
50182.1
50200.5
50218.8
50237
50255.3
50273.5
50291.7
50309.8
50327.9
50346
50364.1
50382.2
50400.2
50418.2
50436.1
50454
50471.9
50489.8
50507.7
50525.5
50543.3
50561
50578.8
50596.5
50614.1
50631.8
50649.4
50667
50684.6
50702.1
50719.6
50737.1
50754.6
50772
50789.4
50806.8
50824.1
50841.4
50858.7
50876
50893.2
50910.4
50927.6
50944.8
50961.9
50979
50996.1
51013.1
51030.1
51047.1
51064.1
51081
51097.9
51114.8
51131.7
51148.5
51165.3
51182.1
51198.8
51215.6
51232.2
51248.9
51265.6
51282.2
51298.8
51315.3
51331.9
51348.4
51364.9
51381.3
51397.8
51414.2
51430.6
51446.9
51463.2
51479.5
51495.8
51512.1
51528.3
51544.5
51560.7
51576.8
51592.9
51609
51625.1
51641.2
51657.2
51673.2
51689.1
51705.1
51721
51736.9
51752.8
51768.6
51784.4
51800.2
51816
51831.7
51847.4
51863.1
51878.8
51894.4
51910
51925.6
51941.2
51956.7
51972.2
51987.7
52003.2
52018.6
52034
52049.4
52064.8
52080.1
52095.4
52110.7
52126
52141.2
52156.5
52171.6
52186.8
52202
52217.1
52232.2
52247.2
52262.3
52277.3
52292.3
52307.3
52322.2
52337.2
52352.1
52366.9
52381.8
52396.6
52411.4
52426.2
52441
52455.7
52470.4
52485.1
52499.7
52514.4
52529
52543.6
52558.2
52572.7
52587.2
52601.7
52616.2
52630.6
52645.1
52659.5
52673.8
52688.2
52702.5
52716.8
52731.1
52745.4
52759.6
52773.9
52788
52802.2
52816.4
52830.5
52844.6
52858.7
52872.7
52886.8
52900.8
52914.8
52928.7
52942.7
52956.6
52970.5
52984.4
52998.2
53012
53025.8
53039.6
53053.4
53067.1
53080.8
53094.5
53108.2
53121.9
53135.5
53149.1
53162.7
53176.2
53189.8
53203.3
53216.8
53230.3
53243.7
53257.1
53270.6
53283.9
53297.3
53310.6
53324
53337.3
53350.5
53363.8
53377
53390.2
53403.4
53416.6
53429.7
53442.9
53456
53469
53482.1
53495.1
53508.2
53521.2
53534.1
53547.1
53560
53572.9
53585.8
53598.7
53611.5
53624.4
53637.2
53650
53662.7
53675.5
53688.2
53700.9
53713.6
53726.2
53738.9
53751.5
53764.1
53776.7
53789.2
53801.8
53814.3
53826.8
53839.2
53851.7
53864.1
53876.5
53888.9
53901.3
53913.7
53926
53938.3
53950.6
53962.9
53975.1
53987.3
53999.5
54011.7
54023.9
54036.1
54048.2
54060.3
54072.4
54084.5
54096.5
54108.5
54120.5
54132.5
54144.5
54156.5
54168.4
54180.3
54192.2
54204.1
54215.9
54227.7
54239.6
54251.4
54263.1
54274.9
54286.6
54298.3
54310
54321.7
54333.4
54345
54356.6
54368.2
54379.8
54391.4
54402.9
54414.4
54425.9
54437.4
54448.9
54460.3
54471.8
54483.2
54494.6
54506
54517.3
54528.6
54540
54551.3
54562.5
54573.8
54585
54596.3
54607.5
54618.7
54629.8
54641
54652.1
54663.2
54674.3
54685.4
54696.4
54707.5
54718.5
54729.5
54740.5
54751.4
54762.4
54773.3
54784.2
54795.1
54806
54816.9
54827.7
54838.5
54849.3
54860.1
54870.9
54881.6
54892.4
54903.1
54913.8
54924.4
54935.1
54945.7
54956.4
54967
54977.6
54988.1
54998.7
55009.2
55019.7
55030.2
55040.7
55051.2
55061.7
55072.1
55082.5
55092.9
55103.3
55113.6
55124
55134.3
55144.6
55154.9
55165.2
55175.5
55185.7
55195.9
55206.1
55216.3
55226.5
55236.7
55246.8
55256.9
55267
55277.1
55287.2
55297.3
55307.3
55317.3
55327.3
55337.3
55347.3
55357.2
55367.2
55377.1
55387
55396.9
55406.8
55416.6
55426.5
55436.3
55446.1
55455.9
55465.7
55475.4
55485.2
55494.9
55504.6
55514.3
55524
55533.7
55543.3
55552.9
55562.6
55572.1
55581.7
55591.3
55600.8
55610.4
55619.9
55629.4
55638.9
55648.4
55657.8
55667.3
55676.7
55686.1
55695.5
55704.9
55714.2
55723.6
55732.9
55742.2
55751.5
55760.8
55770
55779.3
55788.5
55797.8
55807
55816.2
55825.3
55834.5
55843.6
55852.8
55861.9
55871
55880.1
55889.1
55898.2
55907.2
55916.2
55925.2
55934.2
55943.2
55952.2
55961.1
55970.1
55979
55987.9
55996.8
56005.6
56014.5
56023.3
56032.2
56041
56049.8
56058.6
56067.3
56076.1
56084.8
56093.5
56102.3
56111
56119.6
56128.3
56137
56145.6
56154.2
56162.8
56171.4
56180
56188.6
56197.1
56205.7
56214.2
56222.7
56231.2
56239.7
56248.1
56256.6
56265
56273.4
56281.8
56290.2
56298.6
56307
56315.3
56323.7
56332
56340.3
56348.6
56356.9
56365.2
56373.4
56381.7
56389.9
56398.1
56406.3
56414.5
56422.7
56430.8
56439
56447.1
56455.2
56463.3
56471.4
56479.5
56487.6
56495.6
56503.6
56511.7
56519.7
56527.7
56535.7
56543.6
56551.6
56559.5
56567.5
56575.4
56583.3
56591.2
56599
56606.9
56614.8
56622.6
56630.4
56638.2
56646
56653.8
56661.6
56669.3
56677.1
56684.8
56692.5
56700.2
56707.9
56715.6
56723.3
56730.9
56738.6
56746.2
56753.8
56761.4
56769
56776.6
56784.2
56791.7
56799.3
56806.8
56814.3
56821.8
56829.3
56836.8
56844.2
56851.7
56859.1
56866.6
56874
56881.4
56888.8
56896.1
56903.5
56910.9
56918.2
56925.5
56932.8
56940.1
56947.4
56954.7
56962
56969.2
56976.5
56983.7
56990.9
56998.1
57005.3
57012.5
57019.7
57026.8
57034
57041.1
57048.2
57055.3
57062.4
57069.5
57076.6
57083.7
57090.7
57097.7
57104.8
57111.8
57118.8
57125.8
57132.8
57139.7
57146.7
57153.6
57160.6
57167.5
57174.4
57181.3
57188.2
57195
57201.9
57208.8
57215.6
57222.4
57229.2
57236.1
57242.8
57249.6
57256.4
57263.2
57269.9
57276.6
57283.4
57290.1
57296.8
57303.5
57310.2
57316.8
57323.5
57330.1
57336.8
57343.4
57350
57356.6
57363.2
57369.8
57376.4
57382.9
57389.5
57396
57402.5
57409
57415.5
57422
57428.5
57435
57441.4
57447.9
57454.3
57460.8
57467.2
57473.6
57480
57486.4
57492.7
57499.1
57505.4
57511.8
57518.1
57524.4
57530.7
57537
57543.3
57549.6
57555.9
57562.1
57568.4
57574.6
57580.8
57587
57593.3
57599.4
57605.6
57611.8
57618
57624.1
57630.3
57636.4
57642.5
57648.6
57654.7
57660.8
57666.9
57673
57679
57685.1
57691.1
57697.1
57703.2
57709.2
57715.2
57721.2
57727.1
57733.1
57739.1
57745
57750.9
57756.9
57762.8
57768.7
57774.6
57780.5
57786.4
57792.2
57798.1
57803.9
57809.8
57815.6
57821.4
57827.2
57833
57838.8
57844.6
57850.4
57856.1
57861.9
57867.6
57873.4
57879.1
57884.8
57890.5
57896.2
57901.9
57907.6
57913.2
57918.9
57924.5
57930.2
57935.8
57941.4
57947
57952.6
57958.2
57963.8
57969.4
57974.9
57980.5
57986
57991.6
57997.1
58002.6
58008.1
58013.6
58019.1
58024.6
58030
58035.5
58040.9
58046.4
58051.8
58057.2
58062.7
58068.1
58073.5
58078.8
58084.2
58089.6
58095
58100.3
58105.6
58111
58116.3
58121.6
58126.9
58132.2
58137.5
58142.8
58148.1
58153.3
58158.6
58163.8
58169
58174.3
58179.5
58184.7
58189.9
58195.1
58200.3
58205.5
58210.6
58215.8
58220.9
58226.1
58231.2
58236.3
58241.4
58246.5
58251.6
58256.7
58261.8
58266.9
58271.9
58277
58282
58287.1
58292.1
58297.1
58302.1
58307.1
58312.1
58317.1
58322.1
58327.1
58332
58337
58341.9
58346.9
58351.8
58356.7
58361.6
58366.5
58371.4
58376.3
58381.2
58386
58390.9
58395.8
58400.6
58405.4
58410.3
58415.1
58419.9
58424.7
58429.5
58434.3
58439.1
58443.9
58448.6
58453.4
58458.1
58462.9
58467.6
58472.3
58477
58481.8
58486.5
58491.2
58495.8
58500.5
58505.2
58509.9
58514.5
58519.2
58523.8
58528.4
58533
58537.7
58542.3
58546.9
58551.5
58556.1
58560.6
58565.2
58569.8
58574.3
58578.9
58583.4
58587.9
58592.5
58597
58601.5
58606
58610.5
58615
58619.4
58623.9
58628.4
58632.8
58637.3
58641.7
58646.2
58650.6
58655
58659.4
58663.8
58668.2
58672.6
58677
58681.4
58685.7
58690.1
58694.4
58698.8
58703.1
58707.5
58711.8
58716.1
58720.4
58724.7
58729
58733.3
58737.6
58741.9
58746.1
58750.4
58754.6
58758.9
58763.1
58767.3
58771.6
58775.8
58780
58784.2
58788.4
58792.6
58796.8
58800.9
58805.1
58809.3
58813.4
58817.6
58821.7
58825.8
58830
58834.1
58838.2
58842.3
58846.4
58850.5
58854.6
58858.7
58862.7
58866.8
58870.8
58874.9
58878.9
58883
58887
58891
58895.1
58899.1
58903.1
58907.1
58911.1
58915
58919
58923
58926.9
58930.9
58934.9
58938.8
58942.7
58946.7
58950.6
58954.5
58958.4
58962.3
58966.2
58970.1
58974
58977.9
58981.8
58985.6
58989.5
58993.3
58997.2
59001
59004.8
59008.7
59012.5
59016.3
59020.1
59023.9
59027.7
59031.5
59035.3
59039.1
59042.8
59046.6
59050.4
59054.1
59057.9
59061.6
59065.3
59069
59072.8
59076.5
59080.2
59083.9
59087.6
59091.3
59095
59098.6
59102.3
59106
59109.6
59113.3
59116.9
59120.6
59124.2
59127.8
59131.5
59135.1
59138.7
59142.3
59145.9
59149.5
59153.1
59156.6
59160.2
59163.8
59167.3
59170.9
59174.5
59178
59181.5
59185.1
59188.6
59192.1
59195.6
59199.1
59202.6
59206.1
59209.6
59213.1
59216.6
59220.1
59223.5
59227
59230.5
59233.9
59237.4
59240.8
59244.2
59247.7
59251.1
59254.5
59257.9
59261.3
59264.7
59268.1
59271.5
59274.9
59278.3
59281.6
59285
59288.4
59291.7
59295.1
59298.4
59301.7
59305.1
59308.4
59311.7
59315
59318.4
59321.7
59325
59328.3
59331.5
59334.8
59338.1
59341.4
59344.6
59347.9
59351.2
59354.4
59357.7
59360.9
59364.1
59367.4
59370.6
59373.8
59377
59380.2
59383.4
59386.6
59389.8
59393
59396.2
59399.4
59402.5
59405.7
59408.9
59412
59415.2
59418.3
59421.4
59424.6
59427.7
59430.8
59434
59437.1
59440.2
59443.3
59446.4
59449.5
59452.6
59455.6
59458.7
59461.8
59464.9
59467.9
59471
59474
59477.1
59480.1
59483.2
59486.2
59489.2
59492.2
59495.2
59498.3
59501.3
59504.3
59507.3
59510.3
59513.2
59516.2
59519.2
59522.2
59525.1
59528.1
59531.1
59534
59537
59539.9
59542.8
59545.8
59548.7
59551.6
59554.5
59557.5
59560.4
59563.3
59566.2
59569.1
59572
59574.8
59577.7
59580.6
59583.5
59586.3
59589.2
59592
59594.9
59597.7
59600.6
59603.4
59606.3
59609.1
59611.9
59614.7
59617.5
59620.4
59623.2
59626
59628.8
59631.5
59634.3
59637.1
59639.9
59642.7
59645.4
59648.2
59651
59653.7
59656.5
59659.2
59661.9
59664.7
59667.4
59670.1
59672.9
59675.6
59678.3
59681
59683.7
59686.4
59689.1
59691.8
59694.5
59697.2
59699.8
59702.5
59705.2
59707.8
59710.5
59713.2
59715.8
59718.5
59721.1
59723.7
59726.4
59729
59731.6
59734.3
59736.9
59739.5
59742.1
59744.7
59747.3
59749.9
59752.5
59755.1
59757.7
59760.2
59762.8
59765.4
59767.9
59770.5
59773.1
59775.6
59778.2
59780.7
59783.2
59785.8
59788.3
59790.8
59793.4
59795.9
59798.4
59800.9
59803.4
59805.9
59808.4
59810.9
59813.4
59815.9
59818.4
59820.9
59823.3
59825.8
59828.3
59830.7
59833.2
59835.6
59838.1
59840.5
59843
59845.4
59847.8
59850.3
59852.7
59855.1
59857.5
59860
59862.4
59864.8
59867.2
59869.6
59872
59874.4
59876.7
59879.1
59881.5
59883.9
59886.3
59888.6
59891
59893.3
59895.7
59898
59900.4
59902.7
59905.1
59907.4
59909.7
59912.1
59914.4
59916.7
59919
59921.4
59923.7
59926
59928.3
59930.6
59932.9
59935.1
59937.4
59939.7
59942
59944.3
59946.5
59948.8
59951.1
59953.3
59955.6
59957.8
59960.1
59962.3
59964.6
59966.8
59969.1
59971.3
59973.5
59975.7
59978
59980.2
59982.4
59984.6
59986.8
59989
59991.2
59993.4
59995.6
59997.8
60000
60002.1
60004.3
60006.5
60008.7
60010.8
60013
60015.2
60017.3
60019.5
60021.6
60023.8
60025.9
60028
60030.2
60032.3
60034.4
60036.5
60038.7
60040.8
60042.9
60045
60047.1
60049.2
60051.3
60053.4
60055.5
60057.6
60059.7
60061.8
60063.8
60065.9
60068
60070.1
60072.1
60074.2
60076.3
60078.3
60080.4
60082.4
60084.5
60086.5
60088.5
60090.6
60092.6
60094.6
60096.7
60098.7
60100.7
60102.7
60104.7
60106.7
60108.7
60110.7
60112.7
60114.7
60116.7
60118.7
60120.7
60122.7
60124.7
60126.7
60128.6
60130.6
60132.6
60134.5
60136.5
60138.4
60140.4
60142.4
60144.3
60146.2
60148.2
60150.1
60152.1
60154
60155.9
60157.8
60159.8
60161.7
60163.6
60165.5
60167.4
60169.3
60171.2
60173.1
60175
60176.9
60178.8
60180.7
60182.6
60184.5
60186.4
60188.2
60190.1
60192
60193.8
60195.7
60197.6
60199.4
60201.3
60203.1
60205
60206.8
60208.7
60210.5
60212.4
60214.2
60216
60217.8
60219.7
60221.5
60223.3
60225.1
60226.9
60228.8
60230.6
60232.4
60234.2
60236
60237.8
60239.6
60241.3
60243.1
60244.9
60246.7
60248.5
60250.3
60252
60253.8
60255.6
60257.3
60259.1
60260.8
60262.6
60264.4
60266.1
60267.8
60269.6
60271.3
60273.1
60274.8
60276.5
60278.3
60280
60281.7
60283.4
60285.2
60286.9
60288.6
60290.3
60292
60293.7
60295.4
60297.1
60298.8
60300.5
60302.2
60303.9
60305.6
60307.3
60308.9
60310.6
60312.3
60314
60315.6
60317.3
60319
60320.6
60322.3
60323.9
60325.6
60327.2
60328.9
60330.5
60332.2
60333.8
60335.4
60337.1
60338.7
60340.3
60342
60343.6
60345.2
60346.8
60348.5
60350.1
60351.7
60353.3
60354.9
60356.5
60358.1
60359.7
60361.3
60362.9
60364.5
60366.1
60367.6
60369.2
60370.8
60372.4
60374
60375.5
60377.1
60378.7
60380.2
60381.8
60383.4
60384.9
60386.5
60388
60389.6
60391.1
60392.7
60394.2
60395.7
60397.3
60398.8
60400.3
60401.9
60403.4
60404.9
60406.5
60408
60409.5
60411
60412.5
60414
60415.5
60417
60418.5
60420
60421.5
60423
60424.5
60426
60427.5
60429
60430.5
60432
60433.4
60434.9
60436.4
60437.9
60439.3
60440.8
60442.3
60443.7
60445.2
60446.6
60448.1
60449.6
60451
60452.4
60453.9
60455.3
60456.8
60458.2
60459.7
60461.1
60462.5
60464
60465.4
60466.8
60468.2
60469.6
60471.1
60472.5
60473.9
60475.3
60476.7
60478.1
60479.5
60480.9
60482.3
60483.7
60485.1
60486.5
60487.9
60489.3
60490.7
60492.1
60493.5
60494.8
60496.2
60497.6
60499
60500.3
60501.7
60503.1
60504.4
60505.8
60507.2
60508.5
60509.9
60511.2
60512.6
60513.9
60515.3
60516.6
60518
60519.3
60520.6
60522
60523.3
60524.6
60526
60527.3
60528.6
60529.9
60531.3
60532.6
60533.9
60535.2
60536.5
60537.8
60539.2
60540.5
60541.8
60543.1
60544.4
60545.7
60547
60548.3
60549.6
60550.8
60552.1
60553.4
60554.7
60556
60557.3
60558.5
60559.8
60561.1
60562.4
60563.6
60564.9
60566.2
60567.4
60568.7
60569.9
60571.2
60572.5
60573.7
60575
60576.2
60577.5
60578.7
60580
60581.2
60582.4
60583.7
60584.9
60586.1
60587.4
60588.6
60589.8
60591.1
60592.3
60593.5
60594.7
60595.9
60597.2
60598.4
60599.6
60600.8
60602
60603.2
60604.4
60605.6
60606.8
60608
60609.2
60610.4
60611.6
60612.8
60614
60615.2
60616.4
60617.5
60618.7
60619.9
60621.1
60622.3
60623.4
60624.6
60625.8
60626.9
60628.1
60629.3
60630.4
60631.6
60632.8
60633.9
60635.1
60636.2
60637.4
60638.5
60639.7
60640.8
60642
60643.1
60644.2
60645.4
60646.5
60647.7
60648.8
60649.9
60651.1
60652.2
60653.3
60654.4
60655.6
60656.7
60657.8
60658.9
60660
60661.1
60662.3
60663.4
60664.5
60665.6
60666.7
60667.8
60668.9
60670
60671.1
60672.2
60673.3
60674.4
60675.5
60676.6
60677.6
60678.7
60679.8
60680.9
60682
60683.1
60684.1
60685.2
60686.3
60687.4
60688.4
60689.5
60690.6
60691.6
60692.7
60693.8
60694.8
60695.9
60696.9
60698
60699
60700.1
60701.1
60702.2
60703.2
60704.3
60705.3
60706.4
60707.4
60708.5
60709.5
60710.5
60711.6
60712.6
60713.6
60714.7
60715.7
60716.7
60717.7
60718.8
60719.8
60720.8
60721.8
60722.8
60723.8
60724.9
60725.9
60726.9
60727.9
60728.9
60729.9
60730.9
60731.9
60732.9
60733.9
60734.9
60735.9
60736.9
60737.9
60738.9
60739.9
60740.8
60741.8
60742.8
60743.8
60744.8
60745.8
60746.7
60747.7
60748.7
60749.7
60750.6
60751.6
60752.6
60753.5
60754.5
60755.5
60756.4
60757.4
60758.4
60759.3
60760.3
60761.2
60762.2
60763.1
60764.1
60765
60766
60766.9
60767.9
60768.8
60769.8
60770.7
60771.6
60772.6
60773.5
60774.5
60775.4
60776.3
60777.2
60778.2
60779.1
60780
60781
60781.9
60782.8
60783.7
60784.6
60785.6
60786.5
60787.4
60788.3
60789.2
60790.1
60791
60791.9
60792.8
60793.7
60794.6
60795.5
60796.4
60797.3
60798.2
60799.1
60800
60800.9
60801.8
60802.7
60803.6
60804.5
60805.4
60806.3
60807.1
60808
60808.9
60809.8
60810.7
60811.5
60812.4
60813.3
60814.2
60815
60815.9
60816.8
60817.6
60818.5
60819.4
60820.2
60821.1
60821.9
60822.8
60823.7
60824.5
60825.4
60826.2
60827.1
60827.9
60828.8
60829.6
60830.5
60831.3
60832.2
60833
60833.8
60834.7
60835.5
60836.4
60837.2
60838
60838.9
60839.7
60840.5
60841.3
60842.2
60843
60843.8
60844.7
60845.5
60846.3
60847.1
60847.9
60848.8
60849.6
60850.4
60851.2
60852
60852.8
60853.6
60854.4
60855.2
60856.1
60856.9
60857.7
60858.5
60859.3
60860.1
60860.9
60861.7
60862.5
60863.3
60864
60864.8
60865.6
60866.4
60867.2
60868
60868.8
60869.6
60870.4
60871.1
60871.9
60872.7
60873.5
60874.3
60875
60875.8
60876.6
60877.4
60878.1
60878.9
60879.7
60880.4
60881.2
60882
60882.7
60883.5
60884.3
60885
60885.8
60886.5
60887.3
60888.1
60888.8
60889.6
60890.3
60891.1
60891.8
60892.6
60893.3
60894.1
60894.8
60895.5
60896.3
60897
60897.8
60898.5
60899.3
60900
60900.7
60901.5
60902.2
60902.9
60903.7
60904.4
60905.1
60905.9
60906.6
60907.3
60908
60908.8
60909.5
60910.2
60910.9
60911.6
60912.4
60913.1
60913.8
60914.5
60915.2
60915.9
60916.6
60917.4
60918.1
60918.8
60919.5
60920.2
60920.9
60921.6
60922.3
60923
60923.7
60924.4
60925.1
60925.8
60926.5
60927.2
60927.9
60928.6
60929.3
60930
60930.6
60931.3
60932
60932.7
60933.4
60934.1
60934.8
60935.4
60936.1
60936.8
60937.5
60938.2
60938.8
60939.5
60940.2
60940.9
60941.5
60942.2
60942.9
60943.6
60944.2
60944.9
60945.6
60946.2
60946.9
60947.5
60948.2
60948.9
60949.5
60950.2
60950.9
60951.5
60952.2
60952.8
60953.5
60954.1
60954.8
60955.4
60956.1
60956.7
60957.4
60958
60958.7
60959.3
60960
60960.6
60961.3
60961.9
60962.5
60963.2
60963.8
60964.4
60965.1
60965.7
60966.4
60967
60967.6
60968.3
60968.9
60969.5
60970.1
60970.8
60971.4
60972
60972.6
60973.3
60973.9
60974.5
60975.1
60975.8
60976.4
60977
60977.6
60978.2
60978.8
60979.5
60980.1
60980.7
60981.3
60981.9
60982.5
60983.1
60983.7
60984.3
60984.9
60985.5
60986.1
60986.8
60987.4
60988
60988.6
60989.2
60989.8
60990.3
60990.9
60991.5
60992.1
60992.7
60993.3
60993.9
60994.5
60995.1
60995.7
60996.3
60996.9
60997.4
60998
60998.6
60999.2
60999.8
61000.4
61000.9
61001.5
61002.1
61002.7
61003.3
61003.8
61004.4
61005
61005.6
61006.1
61006.7
61007.3
61007.8
61008.4
61009
61009.6
61010.1
61010.7
61011.3
61011.8
61012.4
61012.9
61013.5
61014.1
61014.6
61015.2
61015.7
61016.3
61016.9
61017.4
61018
61018.5
61019.1
61019.6
61020.2
61020.7
61021.3
61021.8
61022.4
61022.9
61023.5
61024
61024.6
61025.1
61025.6
61026.2
61026.7
61027.3
61027.8
61028.3
61028.9
61029.4
61030
61030.5
61031
61031.6
61032.1
61032.6
61033.2
61033.7
61034.2
61034.7
61035.3
61035.8
61036.3
61036.9
61037.4
61037.9
61038.4
61039
61039.5
61040
61040.5
61041
61041.6
61042.1
61042.6
61043.1
61043.6
61044.1
61044.6
61045.2
61045.7
61046.2
61046.7
61047.2
61047.7
61048.2
61048.7
61049.2
61049.7
61050.2
61050.8
61051.3
61051.8
61052.3
61052.8
61053.3
61053.8
61054.3
61054.8
61055.3
61055.8
61056.3
61056.7
61057.2
61057.7
61058.2
61058.7
61059.2
61059.7
61060.2
61060.7
61061.2
61061.7
61062.1
61062.6
61063.1
61063.6
61064.1
61064.6
61065.1
61065.5
61066
61066.5
61067
61067.5
61067.9
61068.4
61068.9
61069.4
61069.8
61070.3
61070.8
61071.3
61071.7
61072.2
61072.7
61073.1
61073.6
61074.1
61074.6
61075
61075.5
61076
61076.4
61076.9
61077.3
61077.8
61078.3
61078.7
61079.2
61079.7
61080.1
61080.6
61081
61081.5
61081.9
61082.4
61082.9
61083.3
61083.8
61084.2
61084.7
61085.1
61085.6
61086
61086.5
61086.9
61087.4
61087.8
61088.3
61088.7
61089.2
61089.6
61090
61090.5
61090.9
61091.4
61091.8
61092.3
61092.7
61093.1
61093.6
61094
61094.5
61094.9
61095.3
61095.8
61096.2
61096.6
61097.1
61097.5
61097.9
61098.4
61098.8
61099.2
61099.7
61100.1
61100.5
61100.9
61101.4
61101.8
61102.2
61102.6
61103.1
61103.5
61103.9
61104.3
61104.8
61105.2
61105.6
61106
61106.4
61106.9
61107.3
61107.7
61108.1
61108.5
61109
61109.4
61109.8
61110.2
61110.6
61111
61111.4
61111.8
61112.3
61112.7
61113.1
61113.5
61113.9
61114.3
61114.7
61115.1
61115.5
61115.9
61116.3
61116.7
61117.1
61117.5
61117.9
61118.3
61118.7
61119.1
61119.5
61119.9
61120.3
61120.7
61121.1
61121.5
61121.9
61122.3
61122.7
61123.1
61123.5
61123.9
61124.3
61124.7
61125.1
61125.5
61125.9
61126.2
61126.6
61127
61127.4
61127.8
61128.2
61128.6
61129
61129.3
61129.7
61130.1
61130.5
61130.9
61131.3
61131.6
61132
61132.4
61132.8
61133.2
61133.5
61133.9
61134.3
61134.7
61135
61135.4
61135.8
61136.2
61136.5
61136.9
61137.3
61137.7
61138
61138.4
61138.8
61139.1
61139.5
61139.9
61140.3
61140.6
61141
61141.4
61141.7
61142.1
61142.4
61142.8
61143.2
61143.5
61143.9
61144.3
61144.6
61145
61145.3
61145.7
61146.1
61146.4
61146.8
61147.1
61147.5
61147.9
61148.2
61148.6
61148.9
61149.3
61149.6
61150
61150.3
61150.7
61151
61151.4
61151.7
61152.1
61152.5
61152.8
61153.1
61153.5
61153.8
61154.2
61154.5
61154.9
61155.2
61155.6
61155.9
61156.3
61156.6
61157
61157.3
61157.6
61158
61158.3
61158.7
61159
61159.3
61159.7
61160
61160.4
61160.7
61161
61161.4
61161.7
61162
61162.4
61162.7
61163
61163.4
61163.7
61164
61164.4
61164.7
61165
61165.4
61165.7
61166
61166.4
61166.7
61167
61167.3
61167.7
61168
61168.3
61168.6
61169
61169.3
61169.6
61169.9
61170.3
61170.6
61170.9
61171.2
61171.6
61171.9
61172.2
61172.5
61172.8
61173.2
61173.5
61173.8
61174.1
61174.4
61174.7
61175.1
61175.4
61175.7
61176
61176.3
61176.6
61176.9
61177.3
61177.6
61177.9
61178.2
61178.5
61178.8
61179.1
61179.4
61179.7
61180
61180.4
61180.7
61181
61181.3
61181.6
61181.9
61182.2
61182.5
61182.8
61183.1
61183.4
61183.7
61184
61184.3
61184.6
61184.9
61185.2
61185.5
61185.8
61186.1
61186.4
61186.7
61187
61187.3
61187.6
61187.9
61188.2
61188.5
61188.8
61189.1
61189.4
61189.7
61190
61190.3
61190.6
61190.9
61191.1
61191.4
61191.7
61192
61192.3
61192.6
61192.9
61193.2
61193.5
61193.8
61194
61194.3
61194.6
61194.9
61195.2
61195.5
61195.8
61196
61196.3
61196.6
61196.9
61197.2
61197.5
61197.7
61198
61198.3
61198.6
61198.9
61199.1
61199.4
61199.7
61200
61200.3
61200.5
61200.8
61201.1
61201.4
61201.6
61201.9
61202.2
61202.5
61202.7
61203
61203.3
61203.6
61203.8
61204.1
61204.4
61204.7
61204.9
61205.2
61205.5
61205.7
61206
61206.3
61206.6
61206.8
61207.1
61207.4
61207.6
61207.9
61208.2
61208.4
61208.7
61209
61209.2
61209.5
61209.7
61210
61210.3
61210.5
61210.8
61211.1
61211.3
61211.6
61211.8
61212.1
61212.4
61212.6
61212.9
61213.1
61213.4
61213.7
61213.9
61214.2
61214.4
61214.7
61215
61215.2
61215.5
61215.7
61216
61216.2
61216.5
61216.7
61217
61217.2
61217.5
61217.7
61218
61218.3
61218.5
61218.8
61219
61219.3
61219.5
61219.8
61220
61220.2
61220.5
61220.7
61221
61221.2
61221.5
61221.7
61222
61222.2
61222.5
61222.7
61223
61223.2
61223.4
61223.7
61223.9
61224.2
61224.4
61224.7
61224.9
61225.1
61225.4
61225.6
61225.9
61226.1
61226.3
61226.6
61226.8
61227.1
61227.3
61227.5
61227.8
61228
61228.3
61228.5
61228.7
61229
61229.2
61229.4
61229.7
61229.9
61230.1
61230.4
61230.6
61230.8
61231.1
61231.3
61231.5
61231.8
61232
61232.2
61232.5
61232.7
61232.9
61233.1
61233.4
61233.6
61233.8
61234.1
61234.3
61234.5
61234.7
61235
61235.2
61235.4
61235.6
61235.9
61236.1
61236.3
61236.5
61236.8
61237
61237.2
61237.4
61237.7
61237.9
61238.1
61238.3
61238.6
61238.8
61239
61239.2
61239.4
61239.7
61239.9
61240.1
61240.3
61240.5
61240.7
61241
61241.2
61241.4
61241.6
61241.8
61242.1
61242.3
61242.5
61242.7
61242.9
61243.1
61243.3
61243.6
61243.8
61244
61244.2
61244.4
61244.6
61244.8
61245
61245.3
61245.5
61245.7
61245.9
61246.1
61246.3
61246.5
61246.7
61246.9
61247.2
61247.4
61247.6
61247.8
61248
61248.2
61248.4
61248.6
61248.8
61249
61249.2
61249.4
61249.6
61249.8
61250
61250.2
61250.5
61250.7
61250.9
61251.1
61251.3
61251.5
61251.7
61251.9
61252.1
61252.3
61252.5
61252.7
61252.9
61253.1
61253.3
61253.5
61253.7
61253.9
61254.1
61254.3
61254.5
61254.7
61254.9
61255.1
61255.3
61255.5
61255.7
61255.8
61256
61256.2
61256.4
61256.6
61256.8
61257
61257.2
61257.4
61257.6
61257.8
61258
61258.2
61258.4
61258.6
61258.8
61258.9
61259.1
61259.3
61259.5
61259.7
61259.9
61260.1
61260.3
61260.5
61260.7
61260.8
61261
61261.2
61261.4
61261.6
61261.8
61262
61262.2
61262.3
61262.5
61262.7
61262.9
61263.1
61263.3
61263.5
61263.6
61263.8
61264
61264.2
61264.4
61264.6
61264.7
61264.9
61265.1
61265.3
61265.5
61265.7
61265.8
61266
61266.2
61266.4
61266.6
61266.7
61266.9
61267.1
61267.3
61267.5
61267.6
61267.8
61268
61268.2
61268.4
61268.5
61268.7
61268.9
61269.1
61269.2
61269.4
61269.6
61269.8
61269.9
61270.1
61270.3
61270.5
61270.6
61270.8
61271
61271.2
61271.3
61271.5
61271.7
61271.9
61272
61272.2
61272.4
61272.5
61272.7
61272.9
61273.1
61273.2
61273.4
61273.6
61273.7
61273.9
61274.1
61274.2
61274.4
61274.6
61274.8
61274.9
61275.1
61275.3
61275.4
61275.6
61275.8
61275.9
61276.1
61276.3
61276.4
61276.6
61276.8
61276.9
61277.1
61277.2
61277.4
61277.6
61277.7
61277.9
61278.1
61278.2
61278.4
61278.6
61278.7
61278.9
61279
61279.2
61279.4
61279.5
61279.7
61279.9
61280
61280.2
61280.3
61280.5
61280.7
61280.8
61281
61281.1
61281.3
61281.5
61281.6
61281.8
61281.9
61282.1
61282.2
61282.4
61282.6
61282.7
61282.9
61283
61283.2
61283.3
61283.5
61283.6
61283.8
61284
61284.1
61284.3
61284.4
61284.6
61284.7
61284.9
61285
61285.2
61285.3
61285.5
61285.6
61285.8
61286
61286.1
61286.3
61286.4
61286.6
61286.7
61286.9
61287
61287.2
61287.3
61287.5
61287.6
61287.8
61287.9
61288.1
61288.2
61288.4
61288.5
61288.7
61288.8
61288.9
61289.1
61289.2
61289.4
61289.5
61289.7
61289.8
61290
61290.1
61290.3
61290.4
61290.6
61290.7
61290.8
61291
61291.1
61291.3
61291.4
61291.6
61291.7
61291.9
61292
61292.1
61292.3
61292.4
61292.6
61292.7
61292.9
61293
61293.1
61293.3
61293.4
61293.6
61293.7
61293.8
61294
61294.1
61294.3
61294.4
61294.5
61294.7
61294.8
61295
61295.1
61295.2
61295.4
61295.5
61295.7
61295.8
61295.9
61296.1
61296.2
61296.3
61296.5
61296.6
61296.8
61296.9
61297
61297.2
61297.3
61297.4
61297.6
61297.7
61297.8
61298
61298.1
61298.2
61298.4
61298.5
61298.6
61298.8
61298.9
61299
61299.2
61299.3
61299.4
61299.6
61299.7
61299.8
61300
61300.1
61300.2
61300.4
61300.5
61300.6
61300.8
61300.9
61301
61301.1
61301.3
61301.4
61301.5
61301.7
61301.8
61301.9
61302.1
61302.2
61302.3
61302.4
61302.6
61302.7
61302.8
61302.9
61303.1
61303.2
61303.3
61303.5
61303.6
61303.7
61303.8
61304
61304.1
61304.2
61304.3
61304.5
61304.6
61304.7
61304.8
61305
61305.1
61305.2
61305.3
61305.5
61305.6
61305.7
61305.8
61306
61306.1
61306.2
61306.3
61306.4
61306.6
61306.7
61306.8
61306.9
61307.1
61307.2
61307.3
61307.4
61307.5
61307.7
61307.8
61307.9
61308
61308.1
61308.3
61308.4
61308.5
61308.6
61308.7
61308.9
61309
61309.1
61309.2
61309.3
61309.4
61309.6
61309.7
61309.8
61309.9
61310
61310.2
61310.3
61310.4
61310.5
61310.6
61310.7
61310.9
61311
61311.1
61311.2
61311.3
61311.4
61311.5
61311.7
61311.8
61311.9
61312
61312.1
61312.2
61312.3
61312.5
61312.6
61312.7
61312.8
61312.9
61313
61313.1
61313.3
61313.4
61313.5
61313.6
61313.7
61313.8
61313.9
61314
61314.1
61314.3
61314.4
61314.5
61314.6
61314.7
61314.8
61314.9
61315
61315.1
61315.3
61315.4
61315.5
61315.6
61315.7
61315.8
61315.9
61316
61316.1
61316.2
61316.3
61316.4
61316.6
61316.7
61316.8
61316.9
61317
61317.1
61317.2
61317.3
61317.4
61317.5
61317.6
61317.7
61317.8
61317.9
61318.1
61318.2
61318.3
61318.4
61318.5
61318.6
61318.7
61318.8
61318.9
61319
61319.1
61319.2
61319.3
61319.4
61319.5
61319.6
61319.7
61319.8
61319.9
61320
61320.1
61320.2
61320.3
61320.4
61320.5
61320.6
61320.7
61320.8
61320.9
61321.1
61321.2
61321.3
61321.4
61321.5
61321.6
61321.7
61321.8
61321.9
61322
61322.1
61322.2
61322.3
61322.4
61322.5
61322.6
61322.7
61322.8
61322.9
61323
61323
61323.1
61323.2
61323.3
61323.4
61323.5
61323.6
61323.7
61323.8
61323.9
61324
61324.1
61324.2
61324.3
61324.4
61324.5
61324.6
61324.7
61324.8
61324.9
61325
61325.1
61325.2
61325.3
61325.4
61325.5
61325.6
61325.7
61325.8
61325.8
61325.9
61326
61326.1
61326.2
61326.3
61326.4
61326.5
61326.6
61326.7
61326.8
61326.9
61327
61327.1
61327.2
61327.2
61327.3
61327.4
61327.5
61327.6
61327.7
61327.8
61327.9
61328
61328.1
61328.2
61328.3
61328.3
61328.4
61328.5
61328.6
61328.7
61328.8
61328.9
61329
61329.1
61329.2
61329.3
61329.3
61329.4
61329.5
61329.6
61329.7
61329.8
61329.9
61330
61330.1
61330.1
61330.2
61330.3
61330.4
61330.5
61330.6
61330.7
61330.8
61330.8
61330.9
61331
61331.1
61331.2
61331.3
61331.4
61331.5
61331.5
61331.6
61331.7
61331.8
61331.9
61332
61332.1
61332.1
61332.2
61332.3
61332.4
61332.5
61332.6
61332.7
61332.7
61332.8
61332.9
61333
61333.1
61333.2
61333.2
61333.3
61333.4
61333.5
61333.6
61333.7
61333.7
61333.8
61333.9
61334
61334.1
61334.2
61334.2
61334.3
61334.4
61334.5
61334.6
61334.7
61334.7
61334.8
61334.9
61335
61335.1
61335.1
61335.2
61335.3
61335.4
61335.5
61335.5
61335.6
61335.7
61335.8
61335.9
61335.9
61336
61336.1
61336.2
61336.3
61336.3
61336.4
61336.5
61336.6
61336.7
61336.7
61336.8
61336.9
61337
61337.1
61337.1
61337.2
61337.3
61337.4
61337.4
61337.5
61337.6
61337.7
61337.8
61337.8
61337.9
61338
61338.1
61338.1
61338.2
61338.3
61338.4
61338.5
61338.5
61338.6
61338.7
61338.8
61338.8
61338.9
61339
61339.1
61339.1
61339.2
61339.3
61339.4
61339.4
61339.5
61339.6
61339.7
61339.7
61339.8
61339.9
61340
61340
61340.1
61340.2
61340.3
61340.3
61340.4
61340.5
61340.6
61340.6
61340.7
61340.8
61340.8
61340.9
61341
61341.1
61341.1
61341.2
61341.3
61341.4
61341.4
61341.5
61341.6
61341.6
61341.7
61341.8
61341.9
61341.9
61342
61342.1
61342.1
61342.2
61342.3
61342.4
61342.4
61342.5
61342.6
61342.6
61342.7
61342.8
61342.9
61342.9
61343
61343.1
61343.1
61343.2
61343.3
61343.3
61343.4
61343.5
61343.6
61343.6
61343.7
61343.8
61343.8
61343.9
61344
61344
61344.1
61344.2
61344.2
61344.3
61344.4
61344.4
61344.5
61344.6
61344.6
61344.7
61344.8
61344.9
61344.9
61345
61345.1
61345.1
61345.2
61345.3
61345.3
61345.4
61345.5
61345.5
61345.6
61345.7
61345.7
61345.8
61345.9
61345.9
61346
61346
61346.1
61346.2
61346.2
61346.3
61346.4
61346.4
61346.5
61346.6
61346.6
61346.7
61346.8
61346.8
61346.9
61347
61347
61347.1
61347.2
61347.2
61347.3
61347.3
61347.4
61347.5
61347.5
61347.6
61347.7
61347.7
61347.8
61347.9
61347.9
61348
61348
61348.1
61348.2
61348.2
61348.3
61348.4
61348.4
61348.5
61348.5
61348.6
61348.7
61348.7
61348.8
61348.9
61348.9
61349
61349
61349.1
61349.2
61349.2
61349.3
61349.3
61349.4
61349.5
61349.5
61349.6
61349.7
61349.7
61349.8
61349.8
61349.9
61350
61350
61350.1
61350.1
61350.2
61350.3
61350.3
61350.4
61350.4
61350.5
61350.6
61350.6
61350.7
61350.7
61350.8
61350.8
61350.9
61351
61351
61351.1
61351.1
61351.2
61351.3
61351.3
61351.4
61351.4
61351.5
61351.5
61351.6
61351.7
61351.7
61351.8
61351.8
61351.9
61352
61352
61352.1
61352.1
61352.2
61352.2
61352.3
61352.4
61352.4
61352.5
61352.5
61352.6
61352.6
61352.7
61352.7
61352.8
61352.9
61352.9
61353
61353
61353.1
61353.1
61353.2
61353.3
61353.3
61353.4
61353.4
61353.5
61353.5
61353.6
61353.6
61353.7
61353.7
61353.8
61353.9
61353.9
61354
61354
61354.1
61354.1
61354.2
61354.2
61354.3
61354.3
61354.4
61354.5
61354.5
61354.6
61354.6
61354.7
61354.7
61354.8
61354.8
61354.9
61354.9
61355
61355
61355.1
61355.1
61355.2
61355.3
61355.3
61355.4
61355.4
61355.5
61355.5
61355.6
61355.6
61355.7
61355.7
61355.8
61355.8
61355.9
61355.9
61356
61356
61356.1
61356.1
61356.2
61356.2
61356.3
61356.3
61356.4
61356.4
61356.5
61356.5
61356.6
61356.7
61356.7
61356.8
61356.8
61356.9
61356.9
61357
61357
61357.1
61357.1
61357.2
61357.2
61357.3
61357.3
61357.4
61357.4
61357.5
61357.5
61357.6
61357.6
61357.7
61357.7
61357.8
61357.8
61357.8
61357.9
61357.9
61358
61358
61358.1
61358.1
61358.2
61358.2
61358.3
61358.3
61358.4
61358.4
61358.5
61358.5
61358.6
61358.6
61358.7
61358.7
61358.8
61358.8
61358.9
61358.9
61359
61359
61359.1
61359.1
61359.1
61359.2
61359.2
61359.3
61359.3
61359.4
61359.4
61359.5
61359.5
61359.6
61359.6
61359.7
61359.7
61359.8
61359.8
61359.9
61359.9
61359.9
61360
61360
61360.1
61360.1
61360.2
61360.2
61360.3
61360.3
61360.4
61360.4
61360.4
61360.5
61360.5
61360.6
61360.6
61360.7
61360.7
61360.8
61360.8
61360.9
61360.9
61360.9
61361
61361
61361.1
61361.1
61361.2
61361.2
61361.3
61361.3
61361.3
61361.4
61361.4
61361.5
61361.5
61361.6
61361.6
61361.7
61361.7
61361.7
61361.8
61361.8
61361.9
61361.9
61362
61362
61362
61362.1
61362.1
61362.2
61362.2
61362.3
61362.3
61362.3
61362.4
61362.4
61362.5
61362.5
61362.6
61362.6
61362.6
61362.7
61362.7
61362.8
61362.8
61362.9
61362.9
61362.9
61363
61363
61363.1
61363.1
61363.1
61363.2
61363.2
61363.3
61363.3
61363.4
61363.4
61363.4
61363.5
61363.5
61363.6
61363.6
61363.6
61363.7
61363.7
61363.8
61363.8
61363.8
61363.9
61363.9
61364
61364
61364
61364.1
61364.1
61364.2
61364.2
61364.2
61364.3
61364.3
61364.4
61364.4
61364.4
61364.5
61364.5
61364.6
61364.6
61364.6
61364.7
61364.7
61364.8
61364.8
61364.8
61364.9
61364.9
61365
61365
61365
61365.1
61365.1
61365.2
61365.2
61365.2
61365.3
61365.3
61365.3
61365.4
61365.4
61365.5
61365.5
61365.5
61365.6
61365.6
61365.7
61365.7
61365.7
61365.8
61365.8
61365.8
61365.9
61365.9
61366
61366
61366
61366.1
61366.1
61366.1
61366.2
61366.2
61366.3
61366.3
61366.3
61366.4
61366.4
61366.4
61366.5
61366.5
61366.6
61366.6
61366.6
61366.7
61366.7
61366.7
61366.8
61366.8
61366.8
61366.9
61366.9
61367
61367
61367
61367.1
61367.1
61367.1
61367.2
61367.2
61367.2
61367.3
61367.3
61367.4
61367.4
61367.4
61367.5
61367.5
61367.5
61367.6
61367.6
61367.6
61367.7
61367.7
61367.7
61367.8
61367.8
61367.8
61367.9
61367.9
61368
61368
61368
61368.1
61368.1
61368.1
61368.2
61368.2
61368.2
61368.3
61368.3
61368.3
61368.4
61368.4
61368.4
61368.5
61368.5
61368.5
61368.6
61368.6
61368.6
61368.7
61368.7
61368.7
61368.8
61368.8
61368.8
61368.9
61368.9
61368.9
61369
61369
61369
61369.1
61369.1
61369.1
61369.2
61369.2
61369.2
61369.3
61369.3
61369.3
61369.4
61369.4
61369.4
61369.5
61369.5
61369.5
61369.6
61369.6
61369.6
61369.7
61369.7
61369.7
61369.8
61369.8
61369.8
61369.9
61369.9
61369.9
61370
61370
61370
61370.1
61370.1
61370.1
61370.2
61370.2
61370.2
61370.2
61370.3
61370.3
61370.3
61370.4
61370.4
61370.4
61370.5
61370.5
61370.5
61370.6
61370.6
61370.6
61370.7
61370.7
61370.7
61370.7
61370.8
61370.8
61370.8
61370.9
61370.9
61370.9
61371
61371
61371
61371.1
61371.1
61371.1
61371.1
61371.2
61371.2
61371.2
61371.3
61371.3
61371.3
61371.4
61371.4
61371.4
61371.5
61371.5
61371.5
61371.5
61371.6
61371.6
61371.6
61371.7
61371.7
61371.7
61371.7
61371.8
61371.8
61371.8
61371.9
61371.9
61371.9
61372
61372
61372
61372
61372.1
61372.1
61372.1
61372.2
61372.2
61372.2
61372.2
61372.3
61372.3
61372.3
61372.4
61372.4
61372.4
61372.4
61372.5
61372.5
61372.5
61372.6
61372.6
61372.6
61372.6
61372.7
61372.7
61372.7
61372.8
61372.8
61372.8
61372.8
61372.9
61372.9
61372.9
61373
61373
61373
61373
61373.1
61373.1
61373.1
61373.1
61373.2
61373.2
61373.2
61373.3
61373.3
61373.3
61373.3
61373.4
61373.4
61373.4
61373.4
61373.5
61373.5
61373.5
61373.6
61373.6
61373.6
61373.6
61373.7
61373.7
61373.7
61373.7
61373.8
61373.8
61373.8
61373.9
61373.9
61373.9
61373.9
61374
61374
61374
61374
61374.1
61374.1
61374.1
61374.1
61374.2
61374.2
61374.2
61374.2
61374.3
61374.3
61374.3
61374.4
61374.4
61374.4
61374.4
61374.5
61374.5
61374.5
61374.5
61374.6
61374.6
61374.6
61374.6
61374.7
61374.7
61374.7
61374.7
61374.8
61374.8
61374.8
61374.8
61374.9
61374.9
61374.9
61374.9
61375
61375
61375
61375
61375.1
61375.1
61375.1
61375.1
61375.2
61375.2
61375.2
61375.2
61375.3
61375.3
61375.3
61375.3
61375.4
61375.4
61375.4
61375.4
61375.5
61375.5
61375.5
61375.5
61375.6
61375.6
61375.6
61375.6
61375.7
61375.7
61375.7
61375.7
61375.7
61375.8
61375.8
61375.8
61375.8
61375.9
61375.9
61375.9
61375.9
61376
61376
61376
61376
61376.1
61376.1
61376.1
61376.1
61376.2
61376.2
61376.2
61376.2
61376.2
61376.3
61376.3
61376.3
61376.3
61376.4
61376.4
61376.4
61376.4
61376.5
61376.5
61376.5
61376.5
61376.5
61376.6
61376.6
61376.6
61376.6
61376.7
61376.7
61376.7
61376.7
61376.7
61376.8
61376.8
61376.8
61376.8
61376.9
61376.9
61376.9
61376.9
61376.9
61377
61377
61377
61377
61377.1
61377.1
61377.1
61377.1
61377.1
61377.2
61377.2
61377.2
61377.2
61377.3
61377.3
61377.3
61377.3
61377.3
61377.4
61377.4
61377.4
61377.4
61377.5
61377.5
61377.5
61377.5
61377.5
61377.6
61377.6
61377.6
61377.6
61377.6
61377.7
61377.7
61377.7
61377.7
61377.8
61377.8
61377.8
61377.8
61377.8
61377.9
61377.9
61377.9
61377.9
61377.9
61378
61378
61378
61378
61378
61378.1
61378.1
61378.1
61378.1
61378.1
61378.2
61378.2
61378.2
61378.2
61378.3
61378.3
61378.3
61378.3
61378.3
61378.4
61378.4
61378.4
61378.4
61378.4
61378.5
61378.5
61378.5
61378.5
61378.5
61378.6
61378.6
61378.6
61378.6
61378.6
61378.7
61378.7
61378.7
61378.7
61378.7
61378.8
61378.8
61378.8
61378.8
61378.8
61378.9
61378.9
61378.9
61378.9
61378.9
61379
61379
61379
61379
61379
61379
61379.1
61379.1
61379.1
61379.1
61379.1
61379.2
61379.2
61379.2
61379.2
61379.2
61379.3
61379.3
61379.3
61379.3
61379.3
61379.4
61379.4
61379.4
61379.4
61379.4
61379.4
61379.5
61379.5
61379.5
61379.5
61379.5
61379.6
61379.6
61379.6
61379.6
61379.6
61379.7
61379.7
61379.7
61379.7
61379.7
61379.7
61379.8
61379.8
61379.8
61379.8
61379.8
61379.9
61379.9
61379.9
61379.9
61379.9
61379.9
61380
61380
61380
61380
61380
61380.1
61380.1
61380.1
61380.1
61380.1
61380.1
61380.2
61380.2
61380.2
61380.2
61380.2
61380.2
61380.3
61380.3
61380.3
61380.3
61380.3
61380.4
61380.4
61380.4
61380.4
61380.4
61380.4
61380.5
61380.5
61380.5
61380.5
61380.5
61380.5
61380.6
61380.6
61380.6
61380.6
61380.6
61380.6
61380.7
61380.7
61380.7
61380.7
61380.7
61380.7
61380.8
61380.8
61380.8
61380.8
61380.8
61380.9
61380.9
61380.9
61380.9
61380.9
61380.9
61381
61381
61381
61381
61381
61381
61381
61381.1
61381.1
61381.1
61381.1
61381.1
61381.1
61381.2
61381.2
61381.2
61381.2
61381.2
61381.2
61381.3
61381.3
61381.3
61381.3
61381.3
61381.3
61381.4
61381.4
61381.4
61381.4
61381.4
61381.4
61381.5
61381.5
61381.5
61381.5
61381.5
61381.5
61381.6
61381.6
61381.6
61381.6
61381.6
61381.6
61381.6
61381.7
61381.7
61381.7
61381.7
61381.7
61381.7
61381.8
61381.8
61381.8
61381.8
61381.8
61381.8
61381.8
61381.9
61381.9
61381.9
61381.9
61381.9
61381.9
61382
61382
61382
61382
61382
61382
61382
61382.1
61382.1
61382.1
61382.1
61382.1
61382.1
61382.2
61382.2
61382.2
61382.2
61382.2
61382.2
61382.2
61382.3
61382.3
61382.3
61382.3
61382.3
61382.3
61382.3
61382.4
61382.4
61382.4
61382.4
61382.4
61382.4
61382.4
61382.5
61382.5
61382.5
61382.5
61382.5
61382.5
61382.5
61382.6
61382.6
61382.6
61382.6
61382.6
61382.6
61382.6
61382.7
61382.7
61382.7
61382.7
61382.7
61382.7
61382.7
61382.8
61382.8
61382.8
61382.8
61382.8
61382.8
61382.8
61382.9
61382.9
61382.9
61382.9
61382.9
61382.9
61382.9
61383
61383
61383
61383
61383
61383
61383
61383.1
61383.1
61383.1
61383.1
61383.1
61383.1
61383.1
61383.1
61383.2
61383.2
61383.2
61383.2
61383.2
61383.2
61383.2
61383.3
61383.3
61383.3
61383.3
61383.3
61383.3
61383.3
61383.3
61383.4
61383.4
61383.4
61383.4
61383.4
61383.4
61383.4
61383.5
61383.5
61383.5
61383.5
61383.5
61383.5
61383.5
61383.5
61383.6
61383.6
61383.6
61383.6
61383.6
61383.6
61383.6
61383.6
61383.7
61383.7
61383.7
61383.7
61383.7
61383.7
61383.7
61383.7
61383.8
61383.8
61383.8
61383.8
61383.8
61383.8
61383.8
61383.9
61383.9
61383.9
61383.9
61383.9
61383.9
61383.9
61383.9
61384
61384
61384
61384
61384
61384
61384
61384
61384
61384.1
61384.1
61384.1
61384.1
61384.1
61384.1
61384.1
61384.1
61384.2
61384.2
61384.2
61384.2
61384.2
61384.2
61384.2
61384.2
61384.3
61384.3
61384.3
61384.3
61384.3
61384.3
61384.3
61384.3
61384.4
61384.4
61384.4
61384.4
61384.4
61384.4
61384.4
61384.4
61384.4
61384.5
61384.5
61384.5
61384.5
61384.5
61384.5
61384.5
61384.5
61384.5
61384.6
61384.6
61384.6
61384.6
61384.6
61384.6
61384.6
61384.6
61384.7
61384.7
61384.7
61384.7
61384.7
61384.7
61384.7
61384.7
61384.7
61384.8
61384.8
61384.8
61384.8
61384.8
61384.8
61384.8
61384.8
61384.8
61384.9
61384.9
61384.9
61384.9
61384.9
61384.9
61384.9
61384.9
61384.9
61385
61385
61385
61385
61385
61385
61385
61385
61385
61385.1
61385.1
61385.1
61385.1
61385.1
61385.1
61385.1
61385.1
61385.1
61385.1
61385.2
61385.2
61385.2
61385.2
61385.2
61385.2
61385.2
61385.2
61385.2
61385.3
61385.3
61385.3
61385.3
61385.3
61385.3
61385.3
61385.3
61385.3
61385.3
61385.4
61385.4
61385.4
61385.4
61385.4
61385.4
61385.4
61385.4
61385.4
61385.5
61385.5
61385.5
61385.5
61385.5
61385.5
61385.5
61385.5
61385.5
61385.5
61385.6
61385.6
61385.6
61385.6
61385.6
61385.6
61385.6
61385.6
61385.6
61385.6
61385.7
61385.7
61385.7
61385.7
61385.7
61385.7
61385.7
61385.7
61385.7
61385.7
61385.8
61385.8
61385.8
61385.8
61385.8
61385.8
61385.8
61385.8
61385.8
61385.8
61385.9
61385.9
61385.9
61385.9
61385.9
61385.9
61385.9
61385.9
61385.9
61385.9
61385.9
61386
61386
61386
61386
61386
61386
61386
61386
61386
61386
61386.1
61386.1
61386.1
61386.1
61386.1
61386.1
61386.1
61386.1
61386.1
61386.1
61386.1
61386.2
61386.2
61386.2
61386.2
61386.2
61386.2
61386.2
61386.2
61386.2
61386.2
61386.2
61386.3
61386.3
61386.3
61386.3
61386.3
61386.3
61386.3
61386.3
61386.3
61386.3
61386.3
61386.4
61386.4
61386.4
61386.4
61386.4
61386.4
61386.4
61386.4
61386.4
61386.4
61386.4
61386.5
61386.5
61386.5
61386.5
61386.5
61386.5
61386.5
61386.5
61386.5
61386.5
61386.5
61386.5
61386.6
61386.6
61386.6
61386.6
61386.6
61386.6
61386.6
61386.6
61386.6
61386.6
61386.6
61386.7
61386.7
61386.7
61386.7
61386.7
61386.7
61386.7
61386.7
61386.7
61386.7
61386.7
61386.7
61386.8
61386.8
61386.8
61386.8
61386.8
61386.8
61386.8
61386.8
61386.8
61386.8
61386.8
61386.8
61386.9
61386.9
61386.9
61386.9
61386.9
61386.9
61386.9
61386.9
61386.9
61386.9
61386.9
61386.9
61387
61387
61387
61387
61387
61387
61387
61387
61387
61387
61387
61387
61387
61387.1
61387.1
61387.1
61387.1
61387.1
61387.1
61387.1
61387.1
61387.1
61387.1
61387.1
61387.1
61387.1
61387.2
61387.2
61387.2
61387.2
61387.2
61387.2
61387.2
61387.2
61387.2
61387.2
61387.2
61387.2
61387.2
61387.3
61387.3
61387.3
61387.3
61387.3
61387.3
61387.3
61387.3
61387.3
61387.3
61387.3
61387.3
61387.3
61387.4
61387.4
61387.4
61387.4
61387.4
61387.4
61387.4
61387.4
61387.4
61387.4
61387.4
61387.4
61387.4
61387.5
61387.5
61387.5
61387.5
61387.5
61387.5
61387.5
61387.5
61387.5
61387.5
61387.5
61387.5
61387.5
61387.5
61387.6
61387.6
61387.6
61387.6
61387.6
61387.6
61387.6
61387.6
61387.6
61387.6
61387.6
61387.6
61387.6
61387.6
61387.7
61387.7
61387.7
61387.7
61387.7
61387.7
61387.7
61387.7
61387.7
61387.7
61387.7
61387.7
61387.7
61387.7
61387.8
61387.8
61387.8
61387.8
61387.8
61387.8
61387.8
61387.8
61387.8
61387.8
61387.8
61387.8
61387.8
61387.8
61387.8
61387.9
61387.9
61387.9
61387.9
61387.9
61387.9
61387.9
61387.9
61387.9
61387.9
61387.9
61387.9
61387.9
61387.9
61387.9
61388
61388
61388
61388
61388
61388
61388
61388
61388
61388
61388
61388
61388
61388
61388
61388.1
61388.1
61388.1
61388.1
61388.1
61388.1
61388.1
61388.1
61388.1
61388.1
61388.1
61388.1
61388.1
61388.1
61388.1
61388.1
61388.2
61388.2
61388.2
61388.2
61388.2
61388.2
61388.2
61388.2
61388.2
61388.2
61388.2
61388.2
61388.2
61388.2
61388.2
61388.3
61388.3
61388.3
61388.3
61388.3
61388.3
61388.3
61388.3
61388.3
61388.3
61388.3
61388.3
61388.3
61388.3
61388.3
61388.3
61388.3
61388.4
61388.4
61388.4
61388.4
61388.4
61388.4
61388.4
61388.4
61388.4
61388.4
61388.4
61388.4
61388.4
61388.4
61388.4
61388.4
61388.4
61388.5
61388.5
61388.5
61388.5
61388.5
61388.5
61388.5
61388.5
61388.5
61388.5
61388.5
61388.5
61388.5
61388.5
61388.5
61388.5
61388.5
61388.6
61388.6
61388.6
61388.6
61388.6
61388.6
61388.6
61388.6
61388.6
61388.6
61388.6
61388.6
61388.6
61388.6
61388.6
61388.6
61388.6
61388.7
61388.7
61388.7
61388.7
61388.7
61388.7
61388.7
61388.7
61388.7
61388.7
61388.7
61388.7
61388.7
61388.7
61388.7
61388.7
61388.7
61388.7
61388.7
61388.8
61388.8
61388.8
61388.8
61388.8
61388.8
61388.8
61388.8
61388.8
61388.8
61388.8
61388.8
61388.8
61388.8
61388.8
61388.8
61388.8
61388.8
61388.9
61388.9
61388.9
61388.9
61388.9
61388.9
61388.9
61388.9
61388.9
61388.9
61388.9
61388.9
61388.9
61388.9
61388.9
61388.9
61388.9
61388.9
61388.9
61389
61389
61389
61389
61389
61389
61389
61389
61389
61389
61389
61389
61389
61389
61389
61389
61389
61389
61389
61389
61389.1
61389.1
61389.1
61389.1
61389.1
61389.1
61389.1
61389.1
61389.1
61389.1
61389.1
61389.1
61389.1
61389.1
61389.1
61389.1
61389.1
61389.1
61389.1
61389.1
61389.1
61389.2
61389.2
61389.2
61389.2
61389.2
61389.2
61389.2
61389.2
61389.2
61389.2
61389.2
61389.2
61389.2
61389.2
61389.2
61389.2
61389.2
61389.2
61389.2
61389.2
61389.2
61389.3
61389.3
61389.3
61389.3
61389.3
61389.3
61389.3
61389.3
61389.3
61389.3
61389.3
61389.3
61389.3
61389.3
61389.3
61389.3
61389.3
61389.3
61389.3
61389.3
61389.3
61389.4
61389.4
61389.4
61389.4
61389.4
61389.4
61389.4
61389.4
61389.4
61389.4
61389.4
61389.4
61389.4
61389.4
61389.4
61389.4
61389.4
61389.4
61389.4
61389.4
61389.4
61389.4
61389.4
61389.5
61389.5
61389.5
61389.5
61389.5
61389.5
61389.5
61389.5
61389.5
61389.5
61389.5
61389.5
61389.5
61389.5
61389.5
61389.5
61389.5
61389.5
61389.5
61389.5
61389.5
61389.5
61389.5
61389.6
61389.6
61389.6
61389.6
61389.6
61389.6
61389.6
61389.6
61389.6
61389.6
61389.6
61389.6
61389.6
61389.6
61389.6
61389.6
61389.6
61389.6
61389.6
61389.6
61389.6
61389.6
61389.6
61389.6
61389.7
61389.7
61389.7
61389.7
61389.7
61389.7
61389.7
61389.7
61389.7
61389.7
61389.7
61389.7
61389.7
61389.7
61389.7
61389.7
61389.7
61389.7
61389.7
61389.7
61389.7
61389.7
61389.7
61389.7
61389.7
61389.8
61389.8
61389.8
61389.8
61389.8
61389.8
61389.8
61389.8
61389.8
61389.8
61389.8
61389.8
61389.8
61389.8
61389.8
61389.8
61389.8
61389.8
61389.8
61389.8
61389.8
61389.8
61389.8
61389.8
61389.8
61389.8
61389.9
61389.9
61389.9
61389.9
61389.9
61389.9
61389.9
61389.9
61389.9
61389.9
61389.9
61389.9
61389.9
61389.9
61389.9
61389.9
61389.9
61389.9
61389.9
61389.9
61389.9
61389.9
61389.9
61389.9
61389.9
61389.9
61389.9
61390
61390
61390
61390
61390
61390
61390
61390
61390
61390
61390
61390
61390
61390
61390
61390
61390
61390
61390
61390
61390
61390
61390
61390
61390
61390
61390
61390
61390
61390.1
61390.1
61390.1
61390.1
61390.1
61390.1
61390.1
61390.1
61390.1
61390.1
61390.1
61390.1
61390.1
61390.1
61390.1
61390.1
61390.1
61390.1
61390.1
61390.1
61390.1
61390.1
61390.1
61390.1
61390.1
61390.1
61390.1
61390.1
61390.1
61390.2
61390.2
61390.2
61390.2
61390.2
61390.2
61390.2
61390.2
61390.2
61390.2
61390.2
61390.2
61390.2
61390.2
61390.2
61390.2
61390.2
61390.2
61390.2
61390.2
61390.2
61390.2
61390.2
61390.2
61390.2
61390.2
61390.2
61390.2
61390.2
61390.2
61390.2
61390.2
61390.3
61390.3
61390.3
61390.3
61390.3
61390.3
61390.3
61390.3
61390.3
61390.3
61390.3
61390.3
61390.3
61390.3
61390.3
61390.3
61390.3
61390.3
61390.3
61390.3
61390.3
61390.3
61390.3
61390.3
61390.3
61390.3
61390.3
61390.3
61390.3
61390.3
61390.3
61390.3
61390.4
61390.4
61390.4
61390.4
61390.4
61390.4
61390.4
61390.4
61390.4
61390.4
61390.4
61390.4
61390.4
61390.4
61390.4
61390.4
61390.4
61390.4
61390.4
61390.4
61390.4
61390.4
61390.4
61390.4
61390.4
61390.4
61390.4
61390.4
61390.4
61390.4
61390.4
61390.4
61390.4
61390.4
61390.4
61390.5
61390.5
61390.5
61390.5
61390.5
61390.5
61390.5
61390.5
61390.5
61390.5
61390.5
61390.5
61390.5
61390.5
61390.5
61390.5
61390.5
61390.5
61390.5
61390.5
61390.5
61390.5
61390.5
61390.5
61390.5
61390.5
61390.5
61390.5
61390.5
61390.5
61390.5
61390.5
61390.5
61390.5
61390.5
61390.5
61390.5
61390.6
61390.6
61390.6
61390.6
61390.6
61390.6
61390.6
61390.6
61390.6
61390.6
61390.6
61390.6
61390.6
61390.6
61390.6
61390.6
61390.6
61390.6
61390.6
61390.6
61390.6
61390.6
61390.6
61390.6
61390.6
61390.6
61390.6
61390.6
61390.6
61390.6
61390.6
61390.6
61390.6
61390.6
61390.6
61390.6
61390.6
61390.6
61390.6
61390.7
61390.7
61390.7
61390.7
61390.7
61390.7
61390.7
61390.7
61390.7
61390.7
61390.7
61390.7
61390.7
61390.7
61390.7
61390.7
61390.7
61390.7
61390.7
61390.7
61390.7
61390.7
61390.7
61390.7
61390.7
61390.7
61390.7
61390.7
61390.7
61390.7
61390.7
61390.7
61390.7
61390.7
61390.7
61390.7
61390.7
61390.7
61390.7
61390.7
61390.7
61390.7
61390.8
61390.8
61390.8
61390.8
61390.8
61390.8
61390.8
61390.8
61390.8
61390.8
61390.8
61390.8
61390.8
61390.8
61390.8
61390.8
61390.8
61390.8
61390.8
61390.8
61390.8
61390.8
61390.8
61390.8
61390.8
61390.8
61390.8
61390.8
61390.8
61390.8
61390.8
61390.8
61390.8
61390.8
61390.8
61390.8
61390.8
61390.8
61390.8
61390.8
61390.8
61390.8
61390.8
61390.8
61390.8
61390.9
61390.9
61390.9
61390.9
61390.9
61390.9
61390.9
61390.9
61390.9
61390.9
61390.9
61390.9
61390.9
61390.9
61390.9
61390.9
61390.9
61390.9
61390.9
61390.9
61390.9
61390.9
61390.9
61390.9
61390.9
61390.9
61390.9
61390.9
61390.9
61390.9
61390.9
61390.9
61390.9
61390.9
61390.9
61390.9
61390.9
61390.9
61390.9
61390.9
61390.9
61390.9
61390.9
61390.9
61390.9
61390.9
61390.9
61390.9
61390.9
61391
61391
61391
61391
61391
61391
61391
61391
61391
61391
61391
61391
61391
61391
61391
61391
61391
61391
61391
61391
61391
61391
61391
61391
61391
61391
61391
61391
61391
61391
61391
61391
61391
61391
61391
61391
61391
61391
61391
61391
61391
61391
61391
61391
61391
61391
61391
61391
61391
61391
61391
61391
61391
61391.1
61391.1
61391.1
61391.1
61391.1
61391.1
61391.1
61391.1
61391.1
61391.1
61391.1
61391.1
61391.1
61391.1
61391.1
61391.1
61391.1
61391.1
61391.1
61391.1
61391.1
61391.1
61391.1
61391.1
61391.1
61391.1
61391.1
61391.1
61391.1
61391.1
61391.1
61391.1
61391.1
61391.1
61391.1
61391.1
61391.1
61391.1
61391.1
61391.1
61391.1
61391.1
61391.1
61391.1
61391.1
61391.1
61391.1
61391.1
61391.1
61391.1
61391.1
61391.1
61391.1
61391.1
61391.1
61391.1
61391.1
61391.1
61391.1
61391.2
61391.2
61391.2
61391.2
61391.2
61391.2
61391.2
61391.2
61391.2
61391.2
61391.2
61391.2
61391.2
61391.2
61391.2
61391.2
61391.2
61391.2
61391.2
61391.2
61391.2
61391.2
61391.2
61391.2
61391.2
61391.2
61391.2
61391.2
61391.2
61391.2
61391.2
61391.2
61391.2
61391.2
61391.2
61391.2
61391.2
61391.2
61391.2
61391.2
61391.2
61391.2
61391.2
61391.2
61391.2
61391.2
61391.2
61391.2
61391.2
61391.2
61391.2
61391.2
61391.2
61391.2
61391.2
61391.2
61391.2
61391.2
61391.2
61391.2
61391.2
61391.2
61391.2
61391.2
61391.2
61391.2
61391.2
61391.3
61391.3
61391.3
61391.3
61391.3
61391.3
61391.3
61391.3
61391.3
61391.3
61391.3
61391.3
61391.3
61391.3
61391.3
61391.3
61391.3
61391.3
61391.3
61391.3
61391.3
61391.3
61391.3
61391.3
61391.3
61391.3
61391.3
61391.3
61391.3
61391.3
61391.3
61391.3
61391.3
61391.3
61391.3
61391.3
61391.3
61391.3
61391.3
61391.3
61391.3
61391.3
61391.3
61391.3
61391.3
61391.3
61391.3
61391.3
61391.3
61391.3
61391.3
61391.3
61391.3
61391.3
61391.3
61391.3
61391.3
61391.3
61391.3
61391.3
61391.3
61391.3
61391.3
61391.3
61391.3
61391.3
61391.3
61391.3
61391.3
61391.3
61391.3
61391.3
61391.3
61391.3
61391.3
61391.3
61391.4
61391.4
61391.4
61391.4
61391.4
61391.4
61391.4
61391.4
61391.4
61391.4
61391.4
61391.4
61391.4
61391.4
61391.4
61391.4
61391.4
61391.4
61391.4
61391.4
61391.4
61391.4
61391.4
61391.4
61391.4
61391.4
61391.4
61391.4
61391.4
61391.4
61391.4
61391.4
61391.4
61391.4
61391.4
61391.4
61391.4
61391.4
61391.4
61391.4
61391.4
61391.4
61391.4
61391.4
61391.4
61391.4
61391.4
61391.4
61391.4
61391.4
61391.4
61391.4
61391.4
61391.4
61391.4
61391.4
61391.4
61391.4
61391.4
61391.4
61391.4
61391.4
61391.4
61391.4
61391.4
61391.4
61391.4
61391.4
61391.4
61391.4
61391.4
61391.4
61391.4
61391.4
61391.4
61391.4
61391.4
61391.4
61391.4
61391.4
61391.4
61391.4
61391.4
61391.4
61391.4
61391.4
61391.4
61391.4
61391.4
61391.5
61391.5
61391.5
61391.5
61391.5
61391.5
61391.5
61391.5
61391.5
61391.5
61391.5
61391.5
61391.5
61391.5
61391.5
61391.5
61391.5
61391.5
61391.5
61391.5
61391.5
61391.5
61391.5
61391.5
61391.5
61391.5
61391.5
61391.5
61391.5
61391.5
61391.5
61391.5
61391.5
61391.5
61391.5
61391.5
61391.5
61391.5
61391.5
61391.5
61391.5
61391.5
61391.5
61391.5
61391.5
61391.5
61391.5
61391.5
61391.5
61391.5
61391.5
61391.5
61391.5
61391.5
61391.5
61391.5
61391.5
61391.5
61391.5
61391.5
61391.5
61391.5
61391.5
61391.5
61391.5
61391.5
61391.5
61391.5
61391.5
61391.5
61391.5
61391.5
61391.5
61391.5
61391.5
61391.5
61391.5
61391.5
61391.5
61391.5
61391.5
61391.5
61391.5
61391.5
61391.5
61391.5
61391.5
61391.5
61391.5
61391.5
61391.5
61391.5
61391.5
61391.5
61391.5
61391.5
61391.5
61391.5
61391.5
61391.5
61391.5
61391.5
61391.5
61391.5
61391.5
61391.5
61391.5
61391.5
61391.5
61391.5
61391.6
61391.6
61391.6
61391.6
61391.6
61391.6
61391.6
61391.6
61391.6
61391.6
61391.6
61391.6
61391.6
61391.6
61391.6
61391.6
61391.6
61391.6
61391.6
61391.6
61391.6
61391.6
61391.6
61391.6
61391.6
61391.6
61391.6
61391.6
61391.6
61391.6
61391.6
61391.6
61391.6
61391.6
61391.6
61391.6
61391.6
61391.6
61391.6
61391.6
61391.6
61391.6
61391.6
61391.6
61391.6
61391.6
61391.6
61391.6
61391.6
61391.6
61391.6
61391.6
61391.6
61391.6
61391.6
61391.6
61391.6
61391.6
61391.6
61391.6
61391.6
61391.6
61391.6
61391.6
61391.6
61391.6
61391.6
61391.6
61391.6
61391.6
61391.6
61391.6
61391.6
61391.6
61391.6
61391.6
61391.6
61391.6
61391.6
61391.6
61391.6
61391.6
61391.6
61391.6
61391.6
61391.6
61391.6
61391.6
61391.6
61391.6
61391.6
61391.6
61391.6
61391.6
61391.6
61391.6
61391.6
61391.6
61391.6
61391.6
61391.6
61391.6
61391.6
61391.6
61391.6
61391.6
61391.6
61391.6
61391.6
61391.6
61391.6
61391.6
61391.6
61391.6
61391.6
61391.6
61391.6
61391.6
61391.6
61391.6
61391.6
61391.6
61391.6
61391.6
61391.6
61391.6
61391.6
61391.6
61391.6
61391.6
61391.6
61391.6
61391.6
61391.6
61391.6
61391.6
61391.6
61391.6
61391.6
61391.6
61391.6
61391.6
61391.6
61391.6
61391.6
61391.6
61391.7
61391.7
61391.7
61391.7
61391.7
61391.7
61391.7
61391.7
61391.7
61391.7
61391.7
61391.7
61391.7
61391.7
61391.7
61391.7
61391.7
61391.7
61391.7
61391.7
61391.7
61391.7
61391.7
61391.7
61391.7
61391.7
61391.7
61391.7
61391.7
61391.7
61391.7
61391.7
61391.7
61391.7
61391.7
61391.7
61391.7
61391.7
61391.7
61391.7
61391.7
61391.7
61391.7
61391.7
61391.7
61391.7
61391.7
61391.7
61391.7
61391.7
61391.7
61391.7
61391.7
61391.7
61391.7
61391.7
61391.7
61391.7
61391.7
61391.7
61391.7
61391.7
61391.7
61391.7
61391.7
61391.7
61391.7
61391.7
61391.7
61391.7
61391.7
61391.7
61391.7
61391.7
61391.7
61391.7
61391.7
61391.7
61391.7
61391.7
61391.7
61391.7
61391.7
61391.7
61391.7
61391.7
61391.7
61391.7
61391.7
61391.7
61391.7
61391.7
61391.7
61391.7
61391.7
61391.7
61391.7
61391.7
61391.7
61391.7
61391.7
61391.7
61391.7
61391.7
61391.7
61391.7
61391.7
61391.7
61391.7
61391.7
61391.7
61391.7
61391.7
61391.7
61391.7
61391.7
61391.7
61391.7
61391.7
61391.7
61391.7
61391.7
61391.7
61391.7
61391.7
61391.7
61391.7
61391.7
61391.7
61391.7
61391.7
61391.7
61391.7
61391.7
61391.7
61391.7
61391.7
61391.7
61391.7
61391.7
61391.7
61391.7
61391.7
61391.7
61391.7
61391.7
61391.7
61391.7
61391.7
61391.7
61391.7
61391.7
61391.7
61391.7
61391.7
61391.7
61391.7
61391.7
61391.7
61391.7
61391.7
61391.7
61391.7
61391.7
61391.7
61391.7
61391.7
61391.7
61391.7
61391.7
61391.7
61391.7
61391.7
61391.7
61391.7
61391.7
61391.7
61391.7
61391.7
61391.7
61391.7
61391.7
61391.7
61391.7
61391.7
61391.7
61391.7
61391.7
61391.7
61391.7
61391.7
61391.7
61391.7
61391.7
61391.7
61391.7
61391.7
61391.7
61391.7
61391.7
61391.7
61391.7
61391.7
61391.7
61391.7
61391.7
61391.7
61391.7
61391.7
61391.7
61391.7
61391.7
61391.7
61391.7
61391.7
61391.7
61391.7
61391.7
61391.7
61391.7
61391.7
61391.7
61391.7
61391.7
61391.7
61391.7
61391.7
61391.7
61391.7
61391.7
61391.7
61391.7
61391.7
61391.7
61391.7
61391.7
61391.7
61391.7
61391.7
61391.7
61391.7
61391.7
61391.7
61391.7
61391.7
61391.7
61391.7
61391.7
61391.7
61391.7
61391.8
61391.8
61391.8
61391.8
61391.8
61391.8
61391.8
61391.8
61391.8
61391.8
61391.8
61391.8
61391.8
61391.8
61391.8
61391.8
61391.8
61391.8
61391.8
61391.8
61391.8
61391.8
61391.8
61391.8
61391.8
61391.8
61391.8
61391.8
61391.8
61391.8
61391.8
61391.8
61391.8
61391.8
61391.8
61391.8
61391.8
61391.8
61391.8
61391.8
61391.8
61391.8
61391.8
61391.8
61391.8
61391.8
61391.8
61391.8
61391.8
61391.8
61391.8
61391.8
61391.8
61391.8
61391.8
61391.8
61391.8
61391.8
61391.8
61391.8
61391.8
61391.8
61391.8
61391.8
61391.8
61391.8
61391.8
61391.8
61391.8
61391.8
61391.8
61391.8
61391.8
61391.8
61391.8
61391.8
61391.8
61391.8
61391.8
61391.8
61391.8
61391.8
61391.8
61391.8
61391.8
61391.8
61391.8
61391.8
61391.8
61391.8
61391.8
61391.8
61391.8
61391.8
61391.8
61391.8
61391.8
61391.8
61391.8
61391.8
61391.8
61391.8
61391.8
61391.8
61391.8
61391.8
61391.8
61391.8
61391.8
61391.8
61391.8
61391.8
61391.8
61391.8
61391.8
61391.8
61391.8
61391.8
61391.8
61391.8
61391.8
61391.8
61391.8
61391.8
61391.8
61391.8
61391.8
61391.8
61391.8
61391.8
61391.8
61391.8
61391.8
61391.8
61391.8
61391.8
61391.8
61391.8
61391.8
61391.8
61391.8
61391.8
61391.8
61391.8
61391.8
61391.8
61391.8
61391.8
61391.8
61391.8
61391.8
61391.8
61391.8
61391.8
61391.8
61391.8
61391.8
61391.8
61391.8
61391.8
61391.8
61391.8
61391.8
61391.8
61391.8
61391.8
61391.8
61391.8
61391.8
61391.8
61391.8
61391.8
61391.8
61391.8
61391.8
61391.8
61391.8
61391.8
61391.8
61391.8
61391.8
61391.8
61391.8
61391.8
61391.8
61391.8
61391.8
61391.8
61391.8
61391.8
61391.8
61391.8
61391.8
61391.8
61391.8
61391.8
61391.8
61391.8
61391.8
61391.8
61391.8
61391.8
61391.8
61391.8
61391.8
61391.8
61391.8
61391.8
61391.8
61391.8
61391.8
61391.8
61391.8
61391.8
61391.8
61391.8
61391.8
61391.8
61391.8
61391.8
61391.8
61391.8
61391.8
61391.8
61391.8
61391.8
61391.8
61391.8
61391.8
61391.8
61391.8
61391.8
61391.8
61391.8
61391.8
61391.8
61391.8
61391.8
61391.8
61391.8
61391.8
61391.8
61391.8
61391.8
61391.8
61391.8
61391.8
61391.8
61391.8
61391.8
61391.8
61391.8
61391.8
61391.8
61391.8
61391.8
61391.8
61391.8
61391.8
61391.8
61391.8
61391.8
61391.8
61391.8
61391.8
61391.8
61391.8
61391.8
61391.8
61391.8
61391.8
61391.8
61391.8
61391.8
61391.8
61391.8
61391.8
61391.8
61391.8
61391.8
61391.8
61391.8
61391.8
61391.8
61391.8
61391.8
61391.8
61391.8
61391.8
61391.8
61391.8
61391.8
61391.8
61391.8
61391.8
61391.8
61391.8
61391.8
61391.8
61391.8
61391.8
61391.8
61391.8
61391.8
61391.8
61391.8
61391.8
61391.8
61391.8
61391.8
61391.8
61391.8
61391.8
61391.8
61391.8
61391.8
61391.8
61391.8
61391.8
61391.8
61391.8
61391.8
61391.8
61391.8
61391.8
61391.8
61391.8
61391.8
61391.8
61391.8
61391.8
61391.8
61391.8
61391.8
61391.8
61391.8
61391.8
61391.8
61391.8
61391.8
61391.8
61391.8
61391.8
61391.8
61391.8
61391.8
61391.8
61391.8
61391.8
61391.8
61391.8
61391.8
61391.8
61391.8
61391.8
61391.8
61391.8
61391.8
61391.8
61391.8
61391.8
61391.8
61391.8
61391.8
61391.8
61391.8
61391.8
61391.8
61391.8
61391.8
61391.8
61391.8
61391.8
61391.8
61391.8
61391.8
61391.8
61391.8
61391.8
61391.8
61391.8
61391.8
61391.8
61391.8
61391.8
61391.8
61391.8
61391.8
61391.8
61391.8
61391.8
61391.8
61391.8
61391.8
61391.8
61391.8
61391.8
61391.8
61391.8
61391.8
61391.8
61391.8
61391.8
61391.8
61391.8
61391.8
61391.8
61391.8
61391.8
61391.8
61391.8
61391.8
61391.8
61391.8
61391.8
61391.8
61391.8
61391.8
61391.8
61391.8
61391.8
61391.8
61391.8
61391.8
61391.8
61391.8
61391.8
61391.8
61391.8
61391.8
61391.8
61391.8
61391.8
61391.8
61391.8
61391.8
61391.8
61391.8
61391.8
61391.8
61391.8
61391.8
61391.8
61391.8
61391.8
61391.8
61391.8
61391.8
61391.8
61391.8
61391.8
61391.8
61391.8
61391.8
61391.8
61391.8
61391.8
61391.8
61391.8
61391.8
61391.8
61391.8
61391.8
61391.8
61391.8
61391.8
61391.8
61391.8
61391.8
61391.8
61391.8
61391.8
61391.8
61391.8
61391.8
61391.8
61391.8
61391.8
61391.8
61391.8
61391.8
61391.8
61391.8
61391.8
61391.8
61391.8
61391.8
61391.8
61391.8
61391.8
61391.8
61391.8
61391.8
61391.8
61391.8
61391.8
61391.8
61391.8
61391.8
61391.8
61391.8
61391.8
61391.8
61391.8
61391.8
61391.8
61391.8
61391.8
61391.8
61391.8
61391.8
61391.8
61391.8
61391.8
61391.8
61391.8
61391.8
61391.8
61391.8
61391.8
61391.8
61391.8
61391.8
61391.8
61391.8
61391.8
61391.8
61391.8
61391.8
61391.8
61391.8
61391.8
61391.8
61391.8
61391.8
61391.8
61391.8
61391.8
61391.8
61391.8
61391.8
61391.8
61391.8
61391.8
61391.8
61391.8
61391.8
61391.8
61391.8
61391.8
61391.8
61391.8
61391.8
61391.8
61391.8
61391.8
61391.8
61391.8
61391.8
61391.8
61391.8
61391.8
61391.8
61391.8
61391.8
61391.8
61391.8
61391.8
61391.8
61391.8
61391.8
61391.8
61391.8
61391.8
61391.8
61391.8
61391.8
61391.8
61391.8
61391.8
61391.8
61391.8
61391.8
61391.8
61391.8
61391.8
61391.8
61391.8
61391.8
61391.8
61391.8
61391.8
61391.8
61391.8
61391.8
61391.8
61391.8
61391.8
61391.8
61391.8
61391.8
61391.8
61391.8
61391.8
61391.8
61391.8
61391.8
61391.8
61391.8
61391.8
61391.8
61391.8
61391.8
61391.8
61391.8
61391.8
61391.8
61391.8
61391.8
61391.8
61391.8
61391.8
61391.8
61391.8
61391.8
61391.8
61391.8
61391.8
61391.8
61391.8
61391.8
61391.8
61391.8
61391.8
61391.8
61391.8
61391.8
61391.8
61391.8
61391.8
61391.8
61391.8
61391.8
61391.8
61391.8
61391.8
61391.8
61391.8
61391.8
61391.8
61391.8
61391.8
61391.8
61391.8
61391.8
61391.8
61391.8
61391.8
61391.8
61391.8
61391.8
61391.8
61391.8
61391.8
61391.8
61391.8
61391.8
61391.8
61391.8
61391.8
61391.8
61391.8
61391.8
61391.8
61391.8
61391.8
61391.8
61391.8
61391.8
61391.8
61391.8
61391.8
61391.8
61391.8
61391.8
61391.8
61391.8
61391.8
61391.8
61391.8
61391.8
61391.7
61391.7
61391.7
61391.7
61391.7
61391.7
61391.7
61391.7
61391.7
61391.7
61391.7
61391.7
61391.7
61391.7
61391.7
61391.7
61391.7
61391.7
61391.7
61391.7
61391.7
61391.7
61391.7
61391.7
61391.7
61391.7
61391.7
61391.7
61391.7
61391.7
61391.7
61391.7
61391.7
61391.7
61391.7
61391.7
61391.7
61391.7
61391.7
61391.7
61391.7
61391.7
61391.7
61391.7
61391.7
61391.7
61391.7
61391.7
61391.7
61391.7
61391.7
61391.7
61391.7
61391.7
61391.7
61391.7
61391.7
61391.7
61391.7
61391.7
61391.7
61391.7
61391.7
61391.7
61391.7
61391.7
61391.7
61391.7
61391.7
61391.7
61391.7
61391.7
61391.7
61391.7
61391.7
61391.7
61391.7
61391.7
61391.7
61391.7
61391.7
61391.7
61391.7
61391.7
61391.7
61391.7
61391.7
61391.7
61391.7
61391.7
61391.7
61391.7
61391.7
61391.7
61391.7
61391.7
61391.7
61391.7
61391.7
61391.7
61391.7
61391.7
61391.7
61391.7
61391.7
61391.7
61391.7
61391.7
61391.7
61391.7
61391.7
61391.7
61391.7
61391.7
61391.7
61391.7
61391.7
61391.7
61391.7
61391.7
61391.7
61391.7
61391.7
61391.7
61391.7
61391.7
61391.7
61391.7
61391.7
61391.7
61391.7
61391.7
61391.7
61391.7
61391.7
61391.7
61391.7
61391.7
61391.7
61391.7
61391.7
61391.7
61391.7
61391.7
61391.7
61391.7
61391.7
61391.7
61391.7
61391.7
61391.7
61391.7
61391.7
61391.7
61391.7
61391.7
61391.7
61391.7
61391.7
61391.7
61391.7
61391.7
61391.7
61391.7
61391.7
61391.7
61391.7
61391.7
61391.7
61391.7
61391.7
61391.7
61391.7
61391.7
61391.7
61391.7
61391.7
61391.7
61391.7
61391.7
61391.7
61391.7
61391.7
61391.7
61391.7
61391.7
61391.7
61391.7
61391.7
61391.7
61391.7
61391.7
61391.7
61391.7
61391.7
61391.7
61391.7
61391.7
61391.7
61391.7
61391.7
61391.7
61391.7
61391.7
61391.7
61391.7
61391.7
61391.7
61391.7
61391.7
61391.7
61391.7
61391.7
61391.7
61391.7
61391.7
61391.7
61391.7
61391.7
61391.7
61391.7
61391.7
61391.7
61391.7
61391.7
61391.7
61391.7
61391.7
61391.7
61391.7
61391.7
61391.7
61391.7
61391.7
61391.7
61391.7
61391.7
61391.7
61391.7
61391.7
61391.7
61391.7
61391.7
61391.7
61391.7
61391.7
61391.7
61391.7
61391.7
61391.7
61391.7
61391.7
61391.7
61391.7
61391.7
61391.7
61391.7
61391.7
61391.7
61391.7
61391.7
61391.7
61391.7
61391.7
61391.7
61391.7
61391.7
61391.7
61391.7
61391.7
61391.7
61391.7
61391.7
61391.7
61391.7
61391.7
61391.7
61391.7
61391.7
61391.7
61391.7
61391.7
61391.7
61391.7
61391.7
61391.7
61391.7
61391.7
61391.7
61391.7
61391.7
61391.7
61391.7
61391.7
61391.7
61391.7
61391.7
61391.7
61391.7
61391.7
61391.7
61391.7
61391.7
61391.7
61391.7
61391.7
61391.7
61391.7
61391.7
61391.7
61391.7
61391.7
61391.7
61391.7
61391.7
61391.7
61391.7
61391.7
61391.7
61391.7
61391.7
61391.7
61391.7
61391.7
61391.7
61391.7
61391.7
61391.7
61391.7
61391.7
61391.7
61391.7
61391.7
61391.7
61391.7
61391.7
61391.7
61391.7
61391.7
61391.7
61391.7
61391.7
61391.7
61391.7
61391.7
61391.7
61391.7
61391.7
61391.7
61391.7
61391.7
61391.7
61391.7
61391.7
61391.7
61391.7
61391.7
61391.7
61391.7
61391.7
61391.7
61391.7
61391.7
61391.7
61391.7
61391.7
61391.7
61391.7
61391.7
61391.7
61391.7
61391.7
61391.7
61391.7
61391.7
61391.7
61391.7
61391.7
61391.7
61391.7
61391.7
61391.7
61391.7
61391.7
61391.7
61391.7
61391.7
61391.7
61391.7
61391.7
61391.7
61391.7
61391.7
61391.7
61391.7
61391.7
61391.7
61391.7
61391.7
61391.7
61391.7
61391.7
61391.7
61391.7
61391.7
61391.7
61391.7
61391.7
61391.7
61391.7
61391.7
61391.7
61391.7
61391.7
61391.7
61391.7
61391.7
61391.7
61391.7
61391.7
61391.7
61391.7
61391.7
61391.7
61391.7
61391.7
61391.7
61391.7
61391.7
61391.7
61391.7
61391.7
61391.6
61391.6
61391.6
61391.6
61391.6
61391.6
61391.6
61391.6
61391.6
61391.6
61391.6
61391.6
61391.6
61391.6
61391.6
61391.6
61391.6
61391.6
61391.6
61391.6
61391.6
61391.6
61391.6
61391.6
61391.6
61391.6
61391.6
61391.6
61391.6
61391.6
61391.6
61391.6
61391.6
61391.6
61391.6
61391.6
61391.6
61391.6
61391.6
61391.6
61391.6
61391.6
61391.6
61391.6
61391.6
61391.6
61391.6
61391.6
61391.6
61391.6
61391.6
61391.6
61391.6
61391.6
61391.6
61391.6
61391.6
61391.6
61391.6
61391.6
61391.6
61391.6
61391.6
61391.6
61391.6
61391.6
61391.6
61391.6
61391.6
61391.6
61391.6
61391.6
61391.6
61391.6
61391.6
61391.6
61391.6
61391.6
61391.6
61391.6
61391.6
61391.6
61391.6
61391.6
61391.6
61391.6
61391.6
61391.6
61391.6
61391.6
61391.6
61391.6
61391.6
61391.6
61391.6
61391.6
61391.6
61391.6
61391.6
61391.6
61391.6
61391.6
61391.6
61391.6
61391.6
61391.6
61391.6
61391.6
61391.6
61391.6
61391.6
61391.6
61391.6
61391.6
61391.6
61391.6
61391.6
61391.6
61391.6
61391.6
61391.6
61391.6
61391.6
61391.6
61391.6
61391.6
61391.6
61391.6
61391.6
61391.6
61391.6
61391.6
61391.6
61391.6
61391.6
61391.6
61391.6
61391.6
61391.6
61391.6
61391.6
61391.6
61391.6
61391.6
61391.6
61391.6
61391.6
61391.6
61391.6
61391.6
61391.6
61391.6
61391.6
61391.6
61391.6
61391.6
61391.6
61391.6
61391.6
61391.6
61391.6
61391.6
61391.6
61391.6
61391.6
61391.6
61391.6
61391.6
61391.6
61391.6
61391.6
61391.6
61391.6
61391.6
61391.6
61391.6
61391.6
61391.6
61391.6
61391.6
61391.6
61391.6
61391.6
61391.6
61391.6
61391.6
61391.6
61391.6
61391.6
61391.6
61391.6
61391.6
61391.6
61391.6
61391.6
61391.6
61391.6
61391.6
61391.6
61391.6
61391.6
61391.6
61391.6
61391.6
61391.6
61391.6
61391.6
61391.6
61391.6
61391.6
61391.6
61391.6
61391.6
61391.6
61391.6
61391.6
61391.6
61391.6
61391.6
61391.6
61391.6
61391.6
61391.6
61391.6
61391.6
61391.6
61391.6
61391.6
61391.6
61391.6
61391.6
61391.6
61391.6
61391.6
61391.6
61391.6
61391.6
61391.6
61391.6
61391.6
61391.6
61391.6
61391.6
61391.6
61391.6
61391.6
61391.6
61391.6
61391.6
61391.6
61391.6
61391.6
61391.6
61391.6
61391.6
61391.6
61391.6
61391.6
61391.6
61391.6
61391.6
61391.6
61391.6
61391.6
61391.6
61391.6
61391.6
61391.6
61391.6
61391.6
61391.6
61391.6
61391.6
61391.6
61391.6
61391.6
61391.6
61391.6
61391.6
61391.6
61391.6
61391.6
61391.6
61391.6
61391.6
61391.6
61391.6
61391.6
61391.6
61391.6
61391.6
61391.6
61391.6
61391.6
61391.6
61391.6
61391.6
61391.6
61391.6
61391.6
61391.6
61391.6
61391.6
61391.6
61391.6
61391.6
61391.6
61391.6
61391.6
61391.6
61391.6
61391.6
61391.6
61391.6
61391.6
61391.6
61391.6
61391.6
61391.6
61391.6
61391.6
61391.6
61391.6
61391.6
61391.6
61391.6
61391.6
61391.6
61391.6
61391.6
61391.6
61391.6
61391.6
61391.6
61391.6
61391.6
61391.6
61391.6
61391.6
61391.6
61391.6
61391.6
61391.6
61391.6
61391.6
61391.5
61391.5
61391.5
61391.5
61391.5
61391.5
61391.5
61391.5
61391.5
61391.5
61391.5
61391.5
61391.5
61391.5
61391.5
61391.5
61391.5
61391.5
61391.5
61391.5
61391.5
61391.5
61391.5
61391.5
61391.5
61391.5
61391.5
61391.5
61391.5
61391.5
61391.5
61391.5
61391.5
61391.5
61391.5
61391.5
61391.5
61391.5
61391.5
61391.5
61391.5
61391.5
61391.5
61391.5
61391.5
61391.5
61391.5
61391.5
61391.5
61391.5
61391.5
61391.5
61391.5
61391.5
61391.5
61391.5
61391.5
61391.5
61391.5
61391.5
61391.5
61391.5
61391.5
61391.5
61391.5
61391.5
61391.5
61391.5
61391.5
61391.5
61391.5
61391.5
61391.5
61391.5
61391.5
61391.5
61391.5
61391.5
61391.5
61391.5
61391.5
61391.5
61391.5
61391.5
61391.5
61391.5
61391.5
61391.5
61391.5
61391.5
61391.5
61391.5
61391.5
61391.5
61391.5
61391.5
61391.5
61391.5
61391.5
61391.5
61391.5
61391.5
61391.5
61391.5
61391.5
61391.5
61391.5
61391.5
61391.5
61391.5
61391.5
61391.5
61391.5
61391.5
61391.5
61391.5
61391.5
61391.5
61391.5
61391.5
61391.5
61391.5
61391.5
61391.5
61391.5
61391.5
61391.5
61391.5
61391.5
61391.5
61391.5
61391.5
61391.5
61391.5
61391.5
61391.5
61391.5
61391.5
61391.5
61391.5
61391.5
61391.5
61391.5
61391.5
61391.5
61391.5
61391.5
61391.5
